Active-learning curve: flag-guided vs random curator selection
====================================================================

n_max=5000 seed=789  seed_train=747 pool=3272 test=980
rounds=8 k=200  acquisition=uncertainty (flag proxy)

round  corrections  macroF1 flag  macroF1 rand       d   apical flag  apical rand       d
    0            0        0.7317        0.7317 +0.0000        0.8027       0.8027 +0.0000
    1          200        0.7177        0.7320 -0.0143        0.7994       0.8258 -0.0264
    2          400        0.7418        0.7365 +0.0053        0.8276       0.8232 +0.0044
    3          600        0.7493        0.7371 +0.0122        0.8389       0.8191 +0.0198
    4          800        0.7512        0.7305 +0.0207        0.8437       0.8212 +0.0225
    5         1000        0.7533        0.7405 +0.0128        0.8567       0.8284 +0.0283
    6         1200        0.7544        0.7457 +0.0087        0.8563       0.8410 +0.0153
    7         1400        0.7555        0.7440 +0.0115        0.8593       0.8516 +0.0077
    8         1600        0.7556        0.7456 +0.0100        0.8607       0.8484 +0.0123
