Active-learning curve: flag-guided vs random curator selection
====================================================================

n_max=5000 seed=123  seed_train=743 pool=3259 test=997
rounds=8 k=200  acquisition=uncertainty (flag proxy)

round  corrections  macroF1 flag  macroF1 rand       d   apical flag  apical rand       d
    0            0        0.7215        0.7215 +0.0000        0.7291       0.7291 +0.0000
    1          200        0.6979        0.7043 -0.0064        0.6641       0.7016 -0.0375
    2          400        0.7483        0.7272 +0.0211        0.7824       0.7499 +0.0325
    3          600        0.7700        0.7410 +0.0290        0.8318       0.7616 +0.0702
    4          800        0.7726        0.7460 +0.0266        0.8392       0.7766 +0.0626
    5         1000        0.7784        0.7495 +0.0289        0.8536       0.7804 +0.0732
    6         1200        0.7803        0.7696 +0.0107        0.8570       0.8317 +0.0253
    7         1400        0.7779        0.7522 +0.0257        0.8491       0.7850 +0.0641
    8         1600        0.7746        0.7709 +0.0037        0.8452       0.8336 +0.0116
