Active-learning curve: flag-guided vs random curator selection
====================================================================

n_max=5000 seed=42  seed_train=738 pool=3259 test=1002
rounds=8 k=200  acquisition=uncertainty (flag proxy)

round  corrections  macroF1 flag  macroF1 rand       d   apical flag  apical rand       d
    0            0        0.7527        0.7527 +0.0000        0.7544       0.7544 +0.0000
    1          200        0.7682        0.7550 +0.0132        0.8046       0.7611 +0.0435
    2          400        0.7766        0.7637 +0.0129        0.8096       0.7826 +0.0270
    3          600        0.7772        0.7591 +0.0181        0.8110       0.7835 +0.0275
    4          800        0.7747        0.7581 +0.0166        0.8142       0.7785 +0.0357
    5         1000        0.7787        0.7583 +0.0204        0.8130       0.7922 +0.0208
    6         1200        0.7791        0.7591 +0.0200        0.8149       0.7947 +0.0202
    7         1400        0.7807        0.7656 +0.0151        0.8192       0.7967 +0.0225
    8         1600        0.7817        0.7715 +0.0102        0.8191       0.8012 +0.0179
