file,cell_type_gt,n_nodes,accuracy,neurite_macro_f1,soma_f1,axon_f1,basal_f1,apical_f1,pred_soma,pred_axon,pred_basal,pred_apical
allen__H16.03.002.01.06.01_520454345.swc,pyramidal,10817,1.000000,1.000000,1.000000,1.000000,1.000000,1.000000,1,2303,4125,4388
allen__H16.03.006.01.09.02_537266147.swc,pyramidal,22350,1.000000,1.000000,1.000000,1.000000,1.000000,1.000000,1,14344,3734,4271
allen__H16.03.007.01.01.03.02_541540569.swc,pyramidal,20291,0.947514,0.917400,1.000000,0.962700,0.789700,1.000000,1,14794,1999,3497
allen__H16.06.004.01.04.03_508282493.swc,pyramidal,10880,1.000000,1.000000,1.000000,1.000000,1.000000,1.000000,1,5630,2418,2831
allen__H16.06.008.01.25.03_527941296.swc,pyramidal,7342,1.000000,1.000000,1.000000,1.000000,1.000000,1.000000,1,353,4160,2828
allen__H16.06.009.01.02.03.01_528636794.swc,pyramidal,7487,0.763190,0.766800,1.000000,1.000000,0.514400,0.786000,1,1518,2712,3256
allen__H16.06.010.01.01.10.01_529889679.swc,pyramidal,11792,1.000000,1.000000,1.000000,1.000000,1.000000,1.000000,1,6064,2595,3132
allen__H16.06.011.01.01.05.03_539653924.swc,pyramidal,9458,1.000000,1.000000,1.000000,1.000000,1.000000,1.000000,1,63,4842,4552
allen__H16.06.012.11.06.01_548408551.swc,pyramidal,15940,1.000000,1.000000,1.000000,1.000000,1.000000,1.000000,1,7027,4125,4787
allen__H16.06.012.11.08.03_548440226.swc,pyramidal,29702,1.000000,1.000000,1.000000,1.000000,1.000000,1.000000,1,18319,6709,4673
allen__H17.03.002.11.06.03_569821470.swc,pyramidal,20269,1.000000,1.000000,1.000000,1.000000,1.000000,1.000000,1,15732,3048,1488
allen__H17.03.009.11.11.06_613442532.swc,pyramidal,4357,0.775075,0.823700,1.000000,1.000000,0.636800,0.834500,1,47,1839,2470
hpf_ca1__201983_017_edited.swc,pyramidal,10101,1.000000,1.000000,1.000000,1.000000,1.000000,1.000000,1,5895,1380,2825
hpf_ca1__201990_006_edited.swc,pyramidal,66497,1.000000,1.000000,1.000000,1.000000,1.000000,1.000000,1,62695,1699,2102
hpf_ca1__201990_018_edited.swc,pyramidal,8684,0.868724,0.575900,1.000000,1.000000,0.727700,0.000000,1,6020,2663,0
hpf_ca1__201990_024_edited.swc,pyramidal,22256,0.925368,0.530100,1.000000,1.000000,0.590200,0.000000,1,19398,2857,0
hpf_ca1__201990_025_edited.swc,pyramidal,86114,0.979423,0.568000,1.000000,1.000000,0.704000,0.000000,1,82234,3879,0
hpf_ca1__201990_031_edited.swc,pyramidal,55514,0.961523,0.739300,1.000000,1.000000,0.478500,,1,52397,980,2136
hpf_ca1__201990_041_edited.swc,pyramidal,50121,1.000000,1.000000,1.000000,1.000000,1.000000,,1,47556,2564,0
hpf_ca1__201990_069_edited.swc,pyramidal,27674,1.000000,1.000000,1.000000,1.000000,1.000000,,1,25814,1859,0
hpf_ca1__202217_016_edited.swc,pyramidal,26143,1.000000,1.000000,1.000000,1.000000,1.000000,,1,24036,2106,0
hpf_ca1__202217_018_edited.swc,pyramidal,45687,1.000000,1.000000,1.000000,1.000000,1.000000,1.000000,1,42952,1288,1446
hpf_ca1__202217_021_edited.swc,pyramidal,22279,0.999955,0.999700,1.000000,1.000000,0.999300,0.999600,1,20248,767,1263
hpf_ca1__202217_023_edited.swc,pyramidal,16882,1.000000,1.000000,1.000000,1.000000,1.000000,1.000000,1,13568,1151,2162
hpf_ca1__202219_003_edited.swc,pyramidal,16614,1.000000,1.000000,1.000000,1.000000,1.000000,1.000000,1,14114,904,1595
hpf_ca1__202219_004_edited.swc,pyramidal,25888,1.000000,1.000000,1.000000,1.000000,1.000000,,1,24160,1727,0
hpf_ca1__202219_006_edited.swc,pyramidal,63317,1.000000,1.000000,1.000000,1.000000,1.000000,1.000000,1,58044,1911,3361
hpf_ca1__202219_007_edited.swc,pyramidal,25135,1.000000,1.000000,1.000000,1.000000,1.000000,,1,24193,941,0
hpf_ca1__202219_014_edited.swc,pyramidal,5330,1.000000,1.000000,1.000000,1.000000,1.000000,,1,4778,551,0
hpf_ca1__202219_029_edited.swc,pyramidal,46427,1.000000,1.000000,1.000000,1.000000,1.000000,1.000000,1,43356,1120,1950
hpf_ca1__202219_032_edited.swc,pyramidal,30040,1.000000,1.000000,1.000000,1.000000,1.000000,,1,28046,1993,0
hpf_ca1__202219_041_edited.swc,pyramidal,33018,1.000000,1.000000,1.000000,1.000000,1.000000,,1,32212,805,0
hpf_ca1__202225_004_edited.swc,pyramidal,44311,1.000000,1.000000,1.000000,1.000000,1.000000,1.000000,1,39328,2292,2690
hpf_ca1__202225_007_edited.swc,pyramidal,21347,0.900267,0.823300,1.000000,1.000000,0.646500,,1,17270,1947,2129
hpf_ca1__202225_009_edited.swc,pyramidal,28519,1.000000,1.000000,1.000000,1.000000,1.000000,,1,26767,1751,0
hpf_ca1__202225_054_edited.swc,pyramidal,19882,1.000000,1.000000,1.000000,1.000000,1.000000,,1,15450,4431,0
hpf_ca1__202226_006_edited.swc,pyramidal,70303,0.740495,0.681100,1.000000,0.836100,0.207300,1.000000,1,46539,20629,3134
hpf_ca1__202226_007_edited.swc,pyramidal,30190,1.000000,1.000000,1.000000,1.000000,1.000000,1.000000,1,25365,1046,3778
hpf_ca1__202226_009_edited.swc,pyramidal,40911,1.000000,1.000000,1.000000,1.000000,1.000000,1.000000,1,33275,6088,1547
hpf_ca1__202226_011_edited.swc,pyramidal,16855,1.000000,1.000000,1.000000,1.000000,1.000000,1.000000,1,13137,2354,1363
hpf_ca1__202226_022_edited.swc,pyramidal,21190,1.000000,1.000000,1.000000,1.000000,1.000000,,1,19716,1473,0
hpf_ca1__202232_007_edited.swc,pyramidal,67100,1.000000,1.000000,1.000000,1.000000,1.000000,,1,62956,4143,0
hpf_ca1__202232_073_edited.swc,pyramidal,92178,1.000000,1.000000,1.000000,1.000000,1.000000,1.000000,1,87383,2088,2706
hpf_ca1__202233_006_edited.swc,pyramidal,91730,1.000000,1.000000,1.000000,1.000000,1.000000,1.000000,1,86796,1873,3060
hpf_ca1__202233_017_edited.swc,pyramidal,55771,1.000000,1.000000,1.000000,1.000000,1.000000,1.000000,1,50880,1703,3187
hpf_ca1__202234_014_edited.swc,pyramidal,13715,1.000000,1.000000,1.000000,1.000000,1.000000,1.000000,1,10792,703,2219
hpf_ca1__202234_026_edited.swc,pyramidal,105116,1.000000,1.000000,1.000000,1.000000,1.000000,1.000000,1,101176,1199,2740
hpf_ca1__202234_029_edited.swc,pyramidal,15181,1.000000,1.000000,1.000000,1.000000,1.000000,1.000000,1,12902,799,1479
hpf_ca1__202234_031_edited.swc,pyramidal,16311,1.000000,1.000000,1.000000,1.000000,1.000000,,1,15004,1306,0
hpf_ca1__202235_014_edited.swc,pyramidal,27347,1.000000,1.000000,1.000000,1.000000,1.000000,,1,24459,2887,0
hpf_ca1__202237_028_edited.swc,pyramidal,29490,1.000000,1.000000,1.000000,1.000000,1.000000,1.000000,1,27576,731,1182
hpf_ca1__202237_041_edited.swc,pyramidal,21926,1.000000,1.000000,1.000000,1.000000,1.000000,,1,18677,3248,0
hpf_ca1__202237_110_edited.swc,pyramidal,40061,1.000000,1.000000,1.000000,1.000000,1.000000,1.000000,1,37767,789,1504
hpf_ca1__202237_143_edited.swc,pyramidal,46548,1.000000,1.000000,1.000000,1.000000,1.000000,1.000000,1,43531,990,2026
hpf_ca1__202238_009_edited.swc,pyramidal,62989,1.000000,1.000000,1.000000,1.000000,1.000000,1.000000,1,59846,1407,1735
hpf_ca1__202238_016_edited.swc,pyramidal,19790,1.000000,1.000000,1.000000,1.000000,1.000000,1.000000,1,17459,820,1510
hpf_ca1__202238_020_edited.swc,pyramidal,57572,1.000000,1.000000,1.000000,1.000000,1.000000,1.000000,1,55075,762,1734
hpf_ca1__202238_021_edited.swc,pyramidal,52353,1.000000,1.000000,1.000000,1.000000,1.000000,1.000000,1,49167,1225,1960
hpf_ca1__202238_036_edited.swc,pyramidal,20839,1.000000,1.000000,1.000000,1.000000,1.000000,1.000000,1,18588,1026,1224
hpf_ca1__202238_041_edited.swc,pyramidal,55049,1.000000,1.000000,1.000000,1.000000,1.000000,1.000000,1,51533,1464,2051
hpf_ca1__202238_097_edited.swc,pyramidal,35113,1.000000,1.000000,1.000000,1.000000,1.000000,1.000000,1,32675,1088,1349
hpf_ca1__202240_008_edited.swc,pyramidal,33251,1.000000,1.000000,1.000000,1.000000,1.000000,1.000000,1,31091,868,1291
hpf_ca1__202240_017_edited.swc,pyramidal,41036,1.000000,1.000000,1.000000,1.000000,1.000000,,1,39633,1402,0
hpf_ca1__202240_018_edited.swc,pyramidal,41577,1.000000,1.000000,1.000000,1.000000,1.000000,,1,39730,1846,0
hpf_ca1__202240_024_edited.swc,pyramidal,17760,1.000000,1.000000,1.000000,1.000000,1.000000,,1,16164,1595,0
hpf_ca1__202242_001_edited.swc,pyramidal,29971,1.000000,1.000000,1.000000,1.000000,1.000000,1.000000,1,26204,1291,2475
hpf_ca1__202242_003_edited.swc,pyramidal,21027,1.000000,1.000000,1.000000,1.000000,1.000000,1.000000,1,18405,1019,1602
hpf_ca1__202242_010_edited.swc,pyramidal,9044,0.129478,0.500000,1.000000,0.000000,1.000000,,1,0,1170,7873
hpf_ca1__202243_009_edited.swc,pyramidal,17660,0.919083,0.588400,1.000000,1.000000,0.008300,0.756900,1,13999,6,3654
hpf_ca1__202243_010_edited.swc,pyramidal,20445,1.000000,1.000000,1.000000,1.000000,1.000000,1.000000,1,16201,1117,3126
hpf_ca1__202243_013_edited.swc,pyramidal,37867,0.952782,0.524100,1.000000,1.000000,0.572200,0.000000,1,34882,2984,0
hpf_ca1__202244_001_edited.swc,pyramidal,16261,1.000000,1.000000,1.000000,1.000000,1.000000,1.000000,1,12134,2059,2067
hpf_ca1__202244_006_edited.swc,pyramidal,26558,1.000000,1.000000,1.000000,1.000000,1.000000,1.000000,1,23663,938,1956
hpf_ca1__202244_018_edited.swc,pyramidal,2053,0.664881,0.500000,1.000000,1.000000,,0.000000,1,1364,688,0
hpf_ca1__202244_019_edited.swc,pyramidal,2467,0.649372,0.500000,1.000000,1.000000,,0.000000,1,1601,865,0
hpf_ca1__202246_001_edited.swc,pyramidal,32941,1.000000,1.000000,1.000000,1.000000,1.000000,1.000000,1,22162,8583,2195
hpf_ca1__202246_004_edited.swc,pyramidal,15012,1.000000,1.000000,1.000000,1.000000,1.000000,,1,12729,2282,0
hpf_ca1__202246_025_edited.swc,pyramidal,31673,1.000000,1.000000,1.000000,1.000000,1.000000,1.000000,1,28152,1261,2259
hpf_ca1__202246_030_edited.swc,pyramidal,42435,1.000000,1.000000,1.000000,1.000000,1.000000,1.000000,1,39784,867,1783
hpf_ca1__202248_010_edited.swc,pyramidal,88120,1.000000,1.000000,1.000000,1.000000,1.000000,,1,84098,4021,0
hpf_ca1__202248_011_edited.swc,pyramidal,82341,1.000000,1.000000,1.000000,1.000000,1.000000,,1,79759,2581,0
hpf_ca1__202248_018_edited.swc,pyramidal,14799,1.000000,1.000000,1.000000,1.000000,1.000000,1.000000,1,10977,2011,1810
hpf_ca1__202248_022_edited.swc,pyramidal,13308,0.999925,0.999800,1.000000,1.000000,0.999600,0.999700,1,10460,1173,1674
hpf_ca1__202249_008_edited.swc,pyramidal,24715,1.000000,1.000000,1.000000,1.000000,1.000000,1.000000,1,21894,1016,1804
hpf_ca1__202249_011_edited.swc,pyramidal,17644,1.000000,1.000000,1.000000,1.000000,1.000000,1.000000,1,14649,1061,1933
hpf_ca1__202249_013_edited.swc,pyramidal,61684,1.000000,1.000000,1.000000,1.000000,1.000000,,1,59537,2146,0
hpf_ca1__202249_015_edited.swc,pyramidal,33834,0.987380,0.624600,1.000000,1.000000,0.873700,0.000000,1,31929,1904,0
hpf_ca1__202249_020_edited.swc,pyramidal,13358,1.000000,1.000000,1.000000,1.000000,1.000000,,1,12427,930,0
hpf_ca1__202250_003_edited.swc,pyramidal,11898,1.000000,1.000000,1.000000,1.000000,1.000000,1.000000,1,9645,873,1379
hpf_ca1__202250_007_edited.swc,pyramidal,16084,1.000000,1.000000,1.000000,1.000000,1.000000,1.000000,1,11878,1815,2390
hpf_ca1__202252_003_edited.swc,pyramidal,24673,1.000000,1.000000,1.000000,1.000000,1.000000,1.000000,1,21330,1201,2141
hpf_ca1__202252_006_edited.swc,pyramidal,31045,1.000000,1.000000,1.000000,1.000000,1.000000,1.000000,1,27386,1159,2499
hpf_ca1__202252_007_edited.swc,pyramidal,24544,1.000000,1.000000,1.000000,1.000000,1.000000,1.000000,1,20986,791,2766
hpf_ca1__202252_010_edited.swc,pyramidal,11173,1.000000,1.000000,1.000000,1.000000,1.000000,1.000000,1,8576,1050,1546
hpf_ca1__202258_019_edited.swc,pyramidal,53511,1.000000,1.000000,1.000000,1.000000,1.000000,1.000000,1,50165,1526,1819
hpf_ca1__202258_024_edited.swc,pyramidal,45054,1.000000,1.000000,1.000000,1.000000,1.000000,1.000000,1,43034,726,1293
hpf_ca1__202258_025_edited.swc,pyramidal,8169,1.000000,1.000000,1.000000,1.000000,1.000000,,1,5952,2216,0
hpf_ca1__202258_039_edited.swc,pyramidal,9388,1.000000,1.000000,1.000000,1.000000,1.000000,,1,7285,2102,0
hpf_ca1__202258_044_edited.swc,pyramidal,46542,0.988806,0.873800,1.000000,1.000000,0.726500,0.895000,1,43108,692,2741
hpf_ca1__202258_045_edited.swc,pyramidal,93614,1.000000,1.000000,1.000000,1.000000,1.000000,1.000000,1,88781,1844,2988
hpf_ca1__202258_049_edited.swc,pyramidal,33593,1.000000,1.000000,1.000000,1.000000,1.000000,1.000000,1,31442,610,1540
hpf_ca1__202259_054_edited.swc,pyramidal,26126,1.000000,1.000000,1.000000,1.000000,1.000000,1.000000,1,24681,567,877
hpf_ca1__202259_130_edited.swc,pyramidal,82953,1.000000,1.000000,1.000000,1.000000,1.000000,1.000000,1,79340,957,2655
hpf_ca1__202260_002_edited.swc,pyramidal,45091,1.000000,1.000000,1.000000,1.000000,1.000000,1.000000,1,42268,1075,1747
hpf_ca1__202261_008_edited.swc,pyramidal,64695,1.000000,1.000000,1.000000,1.000000,1.000000,1.000000,1,61431,1253,2010
hpf_ca1__202261_016_edited.swc,pyramidal,38091,1.000000,1.000000,1.000000,1.000000,1.000000,1.000000,1,32779,3443,1868
hpf_ca1__202261_029_edited.swc,pyramidal,6616,0.865931,0.906300,1.000000,1.000000,0.812700,,1,3804,1924,887
hpf_ca1__202261_030_edited.swc,pyramidal,24177,1.000000,1.000000,1.000000,1.000000,1.000000,1.000000,1,22658,845,673
hpf_ca1__202261_101_edited.swc,pyramidal,41256,1.000000,1.000000,1.000000,1.000000,1.000000,,1,39181,2074,0
hpf_ca1__202261_102_edited.swc,pyramidal,77364,1.000000,1.000000,1.000000,1.000000,1.000000,1.000000,1,73054,1819,2490
hpf_ca1__202264_036_edited.swc,pyramidal,45110,1.000000,1.000000,1.000000,1.000000,1.000000,1.000000,1,41491,1220,2398
hpf_ca1__202266_003_edited.swc,pyramidal,69774,1.000000,1.000000,1.000000,1.000000,1.000000,1.000000,1,65436,1747,2590
hpf_ca1__202268_110_edited.swc,pyramidal,18019,1.000000,1.000000,1.000000,1.000000,1.000000,1.000000,1,15334,1080,1604
hpf_ca1__202269_001_edited.swc,pyramidal,104901,1.000000,1.000000,1.000000,1.000000,1.000000,1.000000,1,100283,1988,2629
hpf_ca1__202269_002_edited.swc,pyramidal,98828,0.974653,0.645000,1.000000,1.000000,0.567900,0.367300,1,93949,4151,727
hpf_ca1__202271_143_edited.swc,pyramidal,23552,1.000000,1.000000,1.000000,1.000000,1.000000,1.000000,1,20434,1124,1993
hpf_ca1__202271_145_edited.swc,pyramidal,11926,1.000000,1.000000,1.000000,1.000000,1.000000,1.000000,1,9431,747,1747
hpf_ca1__202271_146_edited.swc,pyramidal,15617,1.000000,1.000000,1.000000,1.000000,1.000000,1.000000,1,13019,624,1973
hpf_ca1__202271_173_edited.swc,pyramidal,21184,1.000000,1.000000,1.000000,1.000000,1.000000,1.000000,1,18573,708,1902
hpf_ca1__202272_052_edited.swc,pyramidal,52913,1.000000,1.000000,1.000000,1.000000,1.000000,,1,49691,3221,0
hpf_ca1__202273_113_edited.swc,pyramidal,37982,1.000000,1.000000,1.000000,1.000000,1.000000,1.000000,1,36092,653,1236
hpf_ca1__202274_082_edited.swc,pyramidal,20246,1.000000,1.000000,1.000000,1.000000,1.000000,,1,18181,2064,0
hpf_ca1__202274_096_edited.swc,pyramidal,64438,1.000000,1.000000,1.000000,1.000000,1.000000,1.000000,1,60192,1876,2369
hpf_ca1__202396_044_edited.swc,pyramidal,27027,1.000000,1.000000,1.000000,1.000000,1.000000,1.000000,1,22921,1932,2173
hpf_ca1__202401_143_edited.swc,pyramidal,84069,1.000000,1.000000,1.000000,1.000000,1.000000,,1,80758,3310,0
hpf_ca1__202401_204_edited.swc,pyramidal,98473,1.000000,1.000000,1.000000,1.000000,1.000000,1.000000,1,93031,1747,3694
hpf_ca1__202401_206_edited.swc,pyramidal,70508,1.000000,1.000000,1.000000,1.000000,1.000000,1.000000,1,66224,1596,2687
hpf_ca1__202401_222_edited.swc,pyramidal,20058,1.000000,1.000000,1.000000,1.000000,1.000000,1.000000,1,17052,1011,1994
hpf_ca1__202402_001_edited.swc,pyramidal,76773,1.000000,1.000000,1.000000,1.000000,1.000000,1.000000,1,72142,2524,2106
hpf_ca1__202402_057_edited.swc,pyramidal,58954,1.000000,1.000000,1.000000,1.000000,1.000000,1.000000,1,53387,1637,3929
hpf_ca1__202403_106_edited.swc,pyramidal,3038,0.289664,0.423200,1.000000,0.000000,0.846400,,1,319,879,1839
hpf_ca1__202403_125_edited.swc,pyramidal,85402,1.000000,1.000000,1.000000,1.000000,1.000000,1.000000,1,80897,1719,2785
hpf_ca1__202403_126_edited.swc,pyramidal,104418,1.000000,1.000000,1.000000,1.000000,1.000000,1.000000,1,99686,1854,2877
hpf_ca1__202403_129_edited.swc,pyramidal,119979,0.982047,0.765400,1.000000,1.000000,0.751000,0.545200,1,113284,5403,1291
hpf_ca1__202404_041_edited.swc,pyramidal,53487,0.992839,0.951000,1.000000,1.000000,0.902800,0.950100,1,47677,2161,3648
hpf_ca1__202405_001_edited.swc,pyramidal,113277,0.983386,0.795300,1.000000,1.000000,0.590500,,1,110037,1357,1882
hpf_ca1__202405_004_edited.swc,pyramidal,65357,1.000000,1.000000,1.000000,1.000000,1.000000,1.000000,1,60463,1620,3273
hpf_ca1__202405_005_edited.swc,pyramidal,41716,1.000000,1.000000,1.000000,1.000000,1.000000,1.000000,1,35827,2591,3297
hpf_ca1__202405_016_edited.swc,pyramidal,21298,1.000000,1.000000,1.000000,1.000000,1.000000,1.000000,1,19074,851,1372
hpf_ca1__202409_002_edited.swc,pyramidal,24776,1.000000,1.000000,1.000000,1.000000,1.000000,,1,23098,1677,0
hpf_ca1__202409_006_edited.swc,pyramidal,14392,1.000000,1.000000,1.000000,1.000000,1.000000,1.000000,1,11475,931,1985
hpf_ca1__202409_007_edited.swc,pyramidal,18881,1.000000,1.000000,1.000000,1.000000,1.000000,1.000000,1,16440,936,1504
hpf_ca1__202410_017_edited.swc,pyramidal,26447,1.000000,1.000000,1.000000,1.000000,1.000000,,1,25380,1066,0
hpf_ca1__202411_001_edited.swc,pyramidal,18950,1.000000,1.000000,1.000000,1.000000,1.000000,,1,15599,3350,0
hpf_ca1__202411_008_edited.swc,pyramidal,12788,1.000000,1.000000,1.000000,1.000000,1.000000,1.000000,1,10344,786,1657
hpf_ca1__202411_010_edited.swc,pyramidal,25553,1.000000,1.000000,1.000000,1.000000,1.000000,,1,24177,1375,0
hpf_ca1__202411_022_edited.swc,pyramidal,46704,1.000000,1.000000,1.000000,1.000000,1.000000,,1,44848,1855,0
hpf_ca1__202412_005_edited.swc,pyramidal,29268,1.000000,1.000000,1.000000,1.000000,1.000000,1.000000,1,25961,1190,2116
hpf_ca1__202412_009_edited.swc,pyramidal,36311,1.000000,1.000000,1.000000,1.000000,1.000000,1.000000,1,33801,939,1570
hpf_ca1__202412_011_edited.swc,pyramidal,30760,1.000000,1.000000,1.000000,1.000000,1.000000,1.000000,1,28771,1014,974
hpf_ca1__202412_021_edited.swc,pyramidal,19891,1.000000,1.000000,1.000000,1.000000,1.000000,1.000000,1,17694,503,1693
hpf_ca1__202412_098_edited.swc,pyramidal,77461,1.000000,1.000000,1.000000,1.000000,1.000000,1.000000,1,74149,1642,1669
hpf_ca1__202412_099_edited.swc,pyramidal,44571,1.000000,1.000000,1.000000,1.000000,1.000000,1.000000,1,42390,572,1608
hpf_ca1__202413_054_edited.swc,pyramidal,53539,1.000000,1.000000,1.000000,1.000000,1.000000,1.000000,1,49643,1813,2082
hpf_ca1__202413_067_edited.swc,pyramidal,39361,1.000000,1.000000,1.000000,1.000000,1.000000,,1,36771,2589,0
hpf_ca1__202414_255_edited.swc,pyramidal,72484,1.000000,1.000000,1.000000,1.000000,1.000000,1.000000,1,66893,2311,3279
hpf_ca1__202414_270_edited.swc,pyramidal,31894,1.000000,1.000000,1.000000,1.000000,1.000000,1.000000,1,27847,1517,2529
hpf_ca1__202414_542_edited.swc,pyramidal,53877,1.000000,1.000000,1.000000,1.000000,1.000000,1.000000,1,50594,1448,1834
hpf_ca1__202415_003_edited.swc,pyramidal,91934,0.977027,0.642700,1.000000,1.000000,0.623400,0.304800,1,87610,3860,463
hpf_ca1__202417_008_edited.swc,pyramidal,32128,1.000000,1.000000,1.000000,1.000000,1.000000,1.000000,1,29331,1121,1675
hpf_ca1__202417_047_edited.swc,pyramidal,12723,1.000000,1.000000,1.000000,1.000000,1.000000,,1,11702,1020,0
hpf_ca1__202418_010_edited.swc,pyramidal,49583,1.000000,1.000000,1.000000,1.000000,1.000000,1.000000,1,45941,1218,2423
hpf_ca1__202418_016_edited.swc,pyramidal,8283,1.000000,1.000000,1.000000,1.000000,1.000000,1.000000,1,5730,1075,1477
hpf_ca1__202419_054_edited.swc,pyramidal,53674,1.000000,1.000000,1.000000,1.000000,1.000000,1.000000,1,50878,1148,1647
hpf_ca1__202423_005_edited.swc,pyramidal,104754,1.000000,1.000000,1.000000,1.000000,1.000000,1.000000,1,100638,2237,1878
hpf_ca1__202423_006_edited.swc,pyramidal,16777,1.000000,1.000000,1.000000,1.000000,1.000000,1.000000,1,13805,1099,1872
hpf_ca1__202423_013_edited.swc,pyramidal,45777,1.000000,1.000000,1.000000,1.000000,1.000000,1.000000,1,43211,1054,1511
hpf_ca1__202423_024_edited.swc,pyramidal,37789,0.938077,0.796200,1.000000,1.000000,0.592300,,1,33748,1700,2340
hpf_ca1__202423_025_edited.swc,pyramidal,51714,1.000000,1.000000,1.000000,1.000000,1.000000,1.000000,1,48234,1437,2042
hpf_ca1__202423_033_edited.swc,pyramidal,59489,1.000000,1.000000,1.000000,1.000000,1.000000,1.000000,1,56119,989,2380
hpf_ca1__202426_009_edited.swc,pyramidal,66598,1.000000,1.000000,1.000000,1.000000,1.000000,1.000000,1,62548,1770,2279
hpf_ca1__202426_023_edited.swc,pyramidal,21107,1.000000,1.000000,1.000000,1.000000,1.000000,,1,18083,3023,0
hpf_ca1__202426_024_edited.swc,pyramidal,17150,1.000000,1.000000,1.000000,1.000000,1.000000,1.000000,1,13299,1804,2046
hpf_ca1__202426_044_edited.swc,pyramidal,62280,1.000000,1.000000,1.000000,1.000000,1.000000,1.000000,1,57993,1676,2610
hpf_ca1__202426_054_edited.swc,pyramidal,31714,1.000000,1.000000,1.000000,1.000000,1.000000,,1,30400,1313,0
hpf_ca1__202427_027_edited.swc,pyramidal,41412,1.000000,1.000000,1.000000,1.000000,1.000000,,1,39072,2339,0
hpf_ca1__202427_048_edited.swc,pyramidal,51550,1.000000,1.000000,1.000000,1.000000,1.000000,1.000000,1,47427,1643,2479
hpf_ca1__202427_135_edited.swc,pyramidal,20847,1.000000,1.000000,1.000000,1.000000,1.000000,,1,19615,1231,0
hpf_ca1__202427_143_edited.swc,pyramidal,84679,1.000000,1.000000,1.000000,1.000000,1.000000,1.000000,1,80787,1711,2180
hpf_ca1__202461_011_edited.swc,pyramidal,47046,1.000000,1.000000,1.000000,1.000000,1.000000,,1,44845,2200,0
hpf_ca1__202461_014_edited.swc,pyramidal,60941,1.000000,1.000000,1.000000,1.000000,1.000000,,1,58693,2247,0
hpf_ca1__202464_010_edited.swc,pyramidal,15900,1.000000,1.000000,1.000000,1.000000,1.000000,1.000000,1,12691,1265,1943
hpf_ca1__202497_001_edited.swc,pyramidal,44018,1.000000,1.000000,1.000000,1.000000,1.000000,1.000000,1,41231,1002,1784
hpf_ca1__202497_013_edited.swc,pyramidal,43457,1.000000,1.000000,1.000000,1.000000,1.000000,1.000000,1,40229,1360,1867
hpf_ca1__202497_020_edited.swc,pyramidal,32754,1.000000,1.000000,1.000000,1.000000,1.000000,1.000000,1,28455,1931,2367
hpf_ca1__202497_022_edited.swc,pyramidal,43240,1.000000,1.000000,1.000000,1.000000,1.000000,1.000000,1,40617,724,1898
hpf_ca1__202498_003_edited.swc,pyramidal,32575,1.000000,1.000000,1.000000,1.000000,1.000000,1.000000,1,30622,715,1237
hpf_ca1__202498_006_edited.swc,pyramidal,37298,1.000000,1.000000,1.000000,1.000000,1.000000,1.000000,1,33789,1095,2413
hpf_ca1__202498_012_edited.swc,pyramidal,35858,1.000000,1.000000,1.000000,1.000000,1.000000,1.000000,1,33586,897,1374
hpf_ca1__202498_019_edited.swc,pyramidal,58196,1.000000,1.000000,1.000000,1.000000,1.000000,,1,54038,4157,0
hpf_ca1__202499_004_edited.swc,pyramidal,51679,1.000000,1.000000,1.000000,1.000000,1.000000,1.000000,1,48217,1626,1835
hpf_ca1__202499_017_edited.swc,pyramidal,22802,1.000000,1.000000,1.000000,1.000000,1.000000,1.000000,1,20690,826,1285
hpf_ca1__202500_007_edited.swc,pyramidal,37389,1.000000,1.000000,1.000000,1.000000,1.000000,1.000000,1,34523,1179,1686
hpf_ca1__202501_020_edited.swc,pyramidal,22879,1.000000,1.000000,1.000000,1.000000,1.000000,,1,22243,635,0
hpf_ca1__202501_022_edited.swc,pyramidal,36094,1.000000,1.000000,1.000000,1.000000,1.000000,1.000000,1,33129,1166,1798
hpf_ca1__202501_023_edited.swc,pyramidal,31532,1.000000,1.000000,1.000000,1.000000,1.000000,,1,29564,1967,0
hpf_ca1__202503_023_edited.swc,pyramidal,41023,0.976184,0.610100,1.000000,1.000000,0.000000,0.830400,1,37653,0,3369
hpf_ca1__202503_026_edited.swc,pyramidal,42746,1.000000,1.000000,1.000000,1.000000,1.000000,1.000000,1,40246,879,1620
hpf_ca1__202506_039_edited.swc,pyramidal,66475,0.985558,0.594000,1.000000,1.000000,0.000000,0.781900,1,63793,0,2681
hpf_ca1__202544_017_edited.swc,pyramidal,51004,1.000000,1.000000,1.000000,1.000000,1.000000,1.000000,1,48168,1367,1468
hpf_ca1__202544_027_edited.swc,pyramidal,99432,1.000000,1.000000,1.000000,1.000000,1.000000,1.000000,1,95963,1420,2048
hpf_ca1__202548_039_edited.swc,pyramidal,57216,1.000000,1.000000,1.000000,1.000000,1.000000,1.000000,1,51969,1673,3573
hpf_ca1__202567_001_edited.swc,pyramidal,16442,0.950371,0.717200,1.000000,1.000000,0.343000,0.808600,1,13688,213,2540
hpf_ca1__202567_005_edited.swc,pyramidal,24360,1.000000,1.000000,1.000000,1.000000,1.000000,1.000000,1,21323,1239,1797
hpf_ca1__202664_004_edited.swc,pyramidal,29137,0.999966,0.999800,1.000000,1.000000,0.999600,0.999800,1,25583,1144,2409
hpf_ca1__202664_011_edited.swc,pyramidal,29016,1.000000,1.000000,1.000000,1.000000,1.000000,1.000000,1,25160,1398,2457
hpf_ca1__202666_007_edited.swc,pyramidal,36296,1.000000,1.000000,1.000000,1.000000,1.000000,,1,34578,1717,0
hpf_ca1__202666_021_edited.swc,pyramidal,14070,0.999929,0.999700,1.000000,1.000000,0.999400,0.999700,1,11529,788,1752
hpf_ca1__202666_023_edited.swc,pyramidal,26025,0.964573,0.550100,1.000000,1.000000,0.650200,0.000000,1,24245,1779,0
hpf_ca1__202668_001_edited.swc,pyramidal,54453,1.000000,1.000000,1.000000,1.000000,1.000000,,1,52054,2398,0
hpf_ca1__202668_019_edited.swc,pyramidal,29031,0.971341,0.542400,1.000000,1.000000,0.627200,0.000000,1,27498,1532,0
hpf_ca1__202669_011_edited.swc,pyramidal,47086,1.000000,1.000000,1.000000,1.000000,1.000000,,1,44312,2773,0
hpf_ca1__202669_013_edited.swc,pyramidal,20572,1.000000,1.000000,1.000000,1.000000,1.000000,1.000000,1,17488,941,2142
hpf_ca1__202669_014_edited.swc,pyramidal,34142,1.000000,1.000000,1.000000,1.000000,1.000000,,1,32487,1654,0
hpf_ca1__202671_012_edited.swc,pyramidal,15254,1.000000,1.000000,1.000000,1.000000,1.000000,,1,13740,1513,0
hpf_ca1__202674_001_edited.swc,pyramidal,32716,0.958705,0.572100,1.000000,1.000000,0.000000,0.716400,1,29658,0,3057
hpf_ca1__202674_003_edited.swc,pyramidal,17479,1.000000,1.000000,1.000000,1.000000,1.000000,,1,15355,2123,0
hpf_ca1__202674_006_edited.swc,pyramidal,38871,0.962080,0.751900,1.000000,1.000000,0.503700,,1,36648,748,1474
hpf_ca1__202674_035_edited.swc,pyramidal,45387,1.000000,1.000000,1.000000,1.000000,1.000000,,1,42282,3104,0
hpf_ca1__202674_041_edited.swc,pyramidal,3799,0.325086,0.500000,1.000000,0.000000,1.000000,,1,0,1234,2564
hpf_ca1__202679_004_edited.swc,pyramidal,46331,1.000000,1.000000,1.000000,1.000000,1.000000,,1,44586,1744,0
hpf_ca1__202679_020_edited.swc,pyramidal,30391,1.000000,1.000000,1.000000,1.000000,1.000000,1.000000,1,26550,1394,2446
hpf_ca1__202679_023_edited.swc,pyramidal,21367,1.000000,1.000000,1.000000,1.000000,1.000000,,1,18061,3305,0
hpf_ca1__202679_024_edited.swc,pyramidal,22117,1.000000,1.000000,1.000000,1.000000,1.000000,1.000000,1,19349,1107,1660
hpf_ca1__202679_026_edited.swc,pyramidal,23480,1.000000,1.000000,1.000000,1.000000,1.000000,1.000000,1,20445,1007,2027
hpf_ca1__202680_001_edited.swc,pyramidal,45108,1.000000,1.000000,1.000000,1.000000,1.000000,,1,42964,2143,0
hpf_ca1__202680_003_edited.swc,pyramidal,24213,1.000000,1.000000,1.000000,1.000000,1.000000,,1,22223,1989,0
hpf_ca1__202680_006_edited.swc,pyramidal,25446,1.000000,1.000000,1.000000,1.000000,1.000000,1.000000,1,22113,1215,2117
hpf_ca1__202680_011_edited.swc,pyramidal,12491,1.000000,1.000000,1.000000,1.000000,1.000000,1.000000,1,10061,1027,1402
hpf_ca1__202680_012_edited.swc,pyramidal,99876,0.999990,0.666600,1.000000,1.000000,0.999900,0.000000,1,95753,4122,0
hpf_ca1__202680_030_edited.swc,pyramidal,27997,1.000000,1.000000,1.000000,1.000000,1.000000,1.000000,1,23573,1067,3356
hpf_ca1__202681_016_edited.swc,pyramidal,16928,1.000000,1.000000,1.000000,1.000000,1.000000,1.000000,1,13896,966,2065
hpf_ca1__202682_015_edited.swc,pyramidal,38863,0.900008,0.500000,1.000000,1.000000,0.000000,,1,34976,0,3886
hpf_ca1__202682_017_edited.swc,pyramidal,16363,1.000000,1.000000,1.000000,1.000000,1.000000,1.000000,1,12938,1185,2239
hpf_ca1__202803_002_edited.swc,pyramidal,58789,1.000000,1.000000,1.000000,1.000000,1.000000,1.000000,1,55646,1252,1890
hpf_ca1__202807_022_edited.swc,pyramidal,75846,1.000000,1.000000,1.000000,1.000000,1.000000,1.000000,1,72358,1240,2247
hpf_ca1__202807_028_edited.swc,pyramidal,38279,1.000000,1.000000,1.000000,1.000000,1.000000,,1,36460,1818,0
hpf_ca1__202809_005_edited.swc,pyramidal,42184,1.000000,1.000000,1.000000,1.000000,1.000000,1.000000,1,38018,1323,2842
hpf_ca1__202829_049_edited.swc,pyramidal,46877,1.000000,1.000000,1.000000,1.000000,1.000000,1.000000,1,42054,2316,2506
hpf_ca1__202829_057_edited.swc,pyramidal,15510,1.000000,1.000000,1.000000,1.000000,1.000000,1.000000,1,12146,1224,2139
hpf_ca1__202829_061_edited.swc,pyramidal,35800,1.000000,1.000000,1.000000,1.000000,1.000000,,1,32891,2908,0
hpf_ca1__202829_066_edited.swc,pyramidal,18700,1.000000,1.000000,1.000000,1.000000,1.000000,1.000000,1,15591,1192,1916
hpf_ca1__202829_095_edited.swc,pyramidal,8287,1.000000,1.000000,1.000000,1.000000,1.000000,1.000000,1,5986,922,1378
hpf_ca1__202829_099_edited.swc,pyramidal,12775,1.000000,1.000000,1.000000,1.000000,1.000000,1.000000,1,10343,932,1499
hpf_ca1__202829_121_edited.swc,pyramidal,11462,1.000000,1.000000,1.000000,1.000000,1.000000,1.000000,1,8481,972,2008
hpf_ca1__202831_001_edited.swc,pyramidal,15834,1.000000,1.000000,1.000000,1.000000,1.000000,,1,14472,1361,0
hpf_ca1__210009_012_edited.swc,pyramidal,17495,1.000000,1.000000,1.000000,1.000000,1.000000,1.000000,1,14675,1106,1713
hpf_ca1__210009_025_edited.swc,pyramidal,31946,1.000000,1.000000,1.000000,1.000000,1.000000,1.000000,1,28783,717,2445
hpf_ca1__210012_002_edited.swc,pyramidal,37117,1.000000,1.000000,1.000000,1.000000,1.000000,1.000000,1,33191,1480,2445
hpf_ca1__210013_014_edited.swc,pyramidal,16151,1.000000,1.000000,1.000000,1.000000,1.000000,1.000000,1,11680,2062,2408
hpf_ca1__210014_017_edited.swc,pyramidal,62516,1.000000,1.000000,1.000000,1.000000,1.000000,1.000000,1,59587,1027,1901
hpf_ca1__210014_024_edited.swc,pyramidal,56052,1.000000,1.000000,1.000000,1.000000,1.000000,1.000000,1,53904,915,1232
hpf_ca1__210014_033_edited.swc,pyramidal,73147,1.000000,1.000000,1.000000,1.000000,1.000000,1.000000,1,70424,871,1851
hpf_ca1__210014_037_edited.swc,pyramidal,12503,0.906982,0.599700,1.000000,1.000000,0.000000,0.799200,1,9025,0,3477
hpf_ca1__210014_055_edited.swc,pyramidal,39205,1.000000,1.000000,1.000000,1.000000,1.000000,1.000000,1,36542,891,1771
hpf_ca1__210014_061_edited.swc,pyramidal,45975,1.000000,1.000000,1.000000,1.000000,1.000000,,1,43012,2962,0
hpf_ca1__210014_069_edited.swc,pyramidal,17111,1.000000,1.000000,1.000000,1.000000,1.000000,1.000000,1,14830,718,1562
hpf_ca1__210014_074_edited.swc,pyramidal,26033,1.000000,1.000000,1.000000,1.000000,1.000000,1.000000,1,23335,1114,1583
hpf_ca1__210014_079_edited.swc,pyramidal,24852,1.000000,1.000000,1.000000,1.000000,1.000000,1.000000,1,21457,1167,2227
hpf_ca1__210107_018_edited.swc,pyramidal,19372,1.000000,1.000000,1.000000,1.000000,1.000000,1.000000,1,15842,1178,2351
hpf_ca1__210107_026_edited.swc,pyramidal,17838,1.000000,1.000000,1.000000,1.000000,1.000000,1.000000,1,15135,868,1834
hpf_ca1__210107_029_edited.swc,pyramidal,12726,0.064985,0.333300,1.000000,0.000000,1.000000,0.000000,1,10765,826,1134
hpf_ca1__210107_034_edited.swc,pyramidal,23453,0.954974,0.600400,1.000000,1.000000,0.000000,0.801200,1,20268,0,3184
hpf_ca1__210107_047_edited.swc,pyramidal,23770,1.000000,1.000000,1.000000,1.000000,1.000000,1.000000,1,20667,1025,2077
hpf_ca1__210107_052_edited.swc,pyramidal,22328,1.000000,1.000000,1.000000,1.000000,1.000000,1.000000,1,20047,1029,1251
hpf_ca1__210107_053_edited.swc,pyramidal,15647,1.000000,1.000000,1.000000,1.000000,1.000000,1.000000,1,12880,942,1824
hpf_ca1__210109_004_edited.swc,pyramidal,123646,0.980598,0.541500,1.000000,1.000000,0.624500,0.000000,1,119251,4394,0
hpf_ca1__210109_007_edited.swc,pyramidal,30471,1.000000,1.000000,1.000000,1.000000,1.000000,1.000000,1,27692,1218,1560
hpf_ca1__210109_046_edited.swc,pyramidal,10967,1.000000,1.000000,1.000000,1.000000,1.000000,1.000000,1,8686,833,1447
hpf_ca1__210110_003_edited.swc,pyramidal,26920,1.000000,1.000000,1.000000,1.000000,1.000000,1.000000,1,23621,1109,2189
hpf_ca1__210110_007_edited.swc,pyramidal,13354,1.000000,1.000000,1.000000,1.000000,1.000000,1.000000,1,10141,1036,2176
hpf_ca1__210110_020_edited.swc,pyramidal,16349,1.000000,1.000000,1.000000,1.000000,1.000000,1.000000,1,13890,873,1585
hpf_ca1__210110_022_edited.swc,pyramidal,14371,1.000000,1.000000,1.000000,1.000000,1.000000,1.000000,1,11114,1143,2113
hpf_ca1__210110_047_edited.swc,pyramidal,12428,1.000000,1.000000,1.000000,1.000000,1.000000,1.000000,1,9570,950,1907
hpf_ca1__210111_005_edited.swc,pyramidal,35321,1.000000,1.000000,1.000000,1.000000,1.000000,1.000000,1,31650,1477,2193
hpf_ca1__210111_020_edited.swc,pyramidal,54632,1.000000,1.000000,1.000000,1.000000,1.000000,1.000000,1,51466,1297,1868
hpf_ca1__210111_095_edited.swc,pyramidal,22300,1.000000,1.000000,1.000000,1.000000,1.000000,1.000000,1,19097,1377,1825
hpf_ca1__210111_098_edited.swc,pyramidal,8997,1.000000,1.000000,1.000000,1.000000,1.000000,,1,7146,1850,0
hpf_ca1__210111_161_edited.swc,pyramidal,23406,1.000000,1.000000,1.000000,1.000000,1.000000,,1,21480,1925,0
hpf_ca1__210111_193_edited.swc,pyramidal,35410,1.000000,1.000000,1.000000,1.000000,1.000000,,1,33607,1802,0
hpf_ca1__210132_004_edited.swc,pyramidal,18415,1.000000,1.000000,1.000000,1.000000,1.000000,1.000000,1,15745,618,2051
hpf_ca1__210248_012_edited.swc,pyramidal,66197,0.962596,0.562300,1.000000,1.000000,0.000000,0.686900,1,61004,0,5192
hpf_ca1__210248_013_edited.swc,pyramidal,48435,1.000000,1.000000,1.000000,1.000000,1.000000,1.000000,1,44628,1651,2155
hpf_ca1__210248_026_edited.swc,pyramidal,31542,1.000000,1.000000,1.000000,1.000000,1.000000,1.000000,1,27513,1600,2428
hpf_ca1__210248_049_edited.swc,pyramidal,45997,1.000000,1.000000,1.000000,1.000000,1.000000,1.000000,1,41640,1432,2924
hpf_ca1__210249_008_edited.swc,pyramidal,23651,1.000000,1.000000,1.000000,1.000000,1.000000,1.000000,1,20199,1285,2166
hpf_ca1__210253_001_edited.swc,pyramidal,29412,1.000000,1.000000,1.000000,1.000000,1.000000,,1,27194,2217,0
hpf_ca1__210253_003_edited.swc,pyramidal,29109,1.000000,1.000000,1.000000,1.000000,1.000000,1.000000,1,25326,943,2839
hpf_ca1__210253_004_edited.swc,pyramidal,26145,1.000000,1.000000,1.000000,1.000000,1.000000,1.000000,1,22816,1161,2167
hpf_ca1__210253_014_edited.swc,pyramidal,37312,1.000000,1.000000,1.000000,1.000000,1.000000,1.000000,1,34650,1109,1552
hpf_ca1__210253_018_edited.swc,pyramidal,16666,1.000000,1.000000,1.000000,1.000000,1.000000,1.000000,1,14256,859,1550
hpf_ca1__210665_038_edited.swc,pyramidal,18554,1.000000,1.000000,1.000000,1.000000,1.000000,1.000000,1,15990,576,1987
hpf_ca1__210671_034_edited.swc,pyramidal,19598,1.000000,1.000000,1.000000,1.000000,1.000000,1.000000,1,17112,677,1808
hpf_ca1__210671_035_edited.swc,pyramidal,8490,1.000000,1.000000,1.000000,1.000000,1.000000,1.000000,1,6636,525,1328
hpf_ca1__210698_007_edited.swc,pyramidal,21438,0.997248,0.989000,1.000000,1.000000,0.980000,0.987100,1,17680,1446,2311
hpf_ca1__210698_026_edited.swc,pyramidal,16259,1.000000,1.000000,1.000000,1.000000,1.000000,1.000000,1,13232,655,2371
hpf_ca1__210701_011_edited.swc,pyramidal,46371,0.758383,0.579100,1.000000,0.853800,0.304400,,1,32715,13655,0
hpf_ca1__210701_015_edited.swc,pyramidal,15767,1.000000,1.000000,1.000000,1.000000,1.000000,1.000000,1,13440,690,1636
hpf_ca1__210701_017_edited.swc,pyramidal,90478,0.986328,0.919400,1.000000,1.000000,0.838700,,1,86023,3217,1237
hpf_ca1__210702_015_edited.swc,pyramidal,21220,1.000000,1.000000,1.000000,1.000000,1.000000,1.000000,1,18089,1072,2058
hpf_ca1__210702_029_edited.swc,pyramidal,22419,1.000000,1.000000,1.000000,1.000000,1.000000,,1,21183,1235,0
hpf_ca1__210703_019_edited.swc,pyramidal,44561,1.000000,1.000000,1.000000,1.000000,1.000000,,1,42534,2026,0
hpf_ca1__210703_025_edited.swc,pyramidal,22735,1.000000,1.000000,1.000000,1.000000,1.000000,,1,21434,1300,0
hpf_ca1__210711_011_edited.swc,pyramidal,17556,1.000000,1.000000,1.000000,1.000000,1.000000,1.000000,1,14581,1069,1905
hpf_ca1__210711_012_edited.swc,pyramidal,34008,1.000000,1.000000,1.000000,1.000000,1.000000,,1,32367,1640,0
hpf_ca1__210711_021_edited.swc,pyramidal,35761,1.000000,1.000000,1.000000,1.000000,1.000000,,1,34194,1566,0
neuromorpho__02b_pyramidal1aFI.swc,pyramidal,923,0.764897,0.500000,1.000000,,1.000000,0.000000,1,217,705,0
neuromorpho__03b_pyramidal3aFI.swc,pyramidal,1266,0.649289,0.393600,1.000000,,0.787200,0.000000,1,0,1265,0
neuromorpho__041615C_ECA.swc,pyramidal,6345,0.974468,0.980600,1.000000,,0.961200,1.000000,1,162,2007,4175
neuromorpho__041817A_ECA.swc,pyramidal,10777,0.753085,0.719800,1.000000,,0.623400,0.816300,1,0,4863,5913
neuromorpho__04b_pyramidal6aACC.swc,pyramidal,1250,1.000000,1.000000,1.000000,,1.000000,1.000000,1,0,799,450
neuromorpho__052317_ECA.swc,pyramidal,10370,1.000000,1.000000,1.000000,,1.000000,1.000000,1,0,3661,6708
neuromorpho__060315B_ECA.swc,pyramidal,10537,0.986713,0.989000,1.000000,,0.978100,1.000000,1,140,3122,7274
neuromorpho__060415B_ECA.swc,pyramidal,9609,1.000000,1.000000,1.000000,,1.000000,1.000000,1,0,2666,6942
neuromorpho__061015C_ECA.swc,pyramidal,8083,0.994309,0.992500,1.000000,,0.985000,1.000000,1,46,1515,6521
neuromorpho__06b_pyramidal10aFI.swc,pyramidal,908,1.000000,1.000000,1.000000,,1.000000,1.000000,1,0,497,410
neuromorpho__081017RF4.swc,pyramidal,2285,0.968490,0.951600,1.000000,0.920200,0.934700,1.000000,1,487,515,1282
neuromorpho__081518B_DorsalCA1.swc,pyramidal,6245,1.000000,1.000000,1.000000,,1.000000,1.000000,1,0,1897,4347
neuromorpho__092017A_ECA.swc,pyramidal,11121,1.000000,1.000000,1.000000,,1.000000,1.000000,1,0,1682,9438
neuromorpho__09_20_16_1_7.swc,pyramidal,9763,0.520639,0.747600,1.000000,1.000000,0.495100,,1,2787,2295,4680
neuromorpho__09_20_16_2_6.swc,pyramidal,10875,0.610851,0.795000,1.000000,1.000000,0.589900,,1,3598,3044,4232
neuromorpho__1-ENU2-treated-neuron1_2.swc,pyramidal,1023,1.000000,1.000000,1.000000,,1.000000,1.000000,1,0,514,508
neuromorpho__1-ENU2-treated-neuron3_2.swc,pyramidal,620,1.000000,1.000000,1.000000,,1.000000,1.000000,1,0,329,290
neuromorpho__1-d.swc,pyramidal,2184,0.699634,0.823200,1.000000,,0.823200,,1,0,1527,656
neuromorpho__1-wild-type-veichle-neuron3_2.swc,pyramidal,854,1.000000,1.000000,1.000000,,1.000000,1.000000,1,0,413,440
neuromorpho__100A_3_r_Ngr2KO_2.swc,pyramidal,565,0.994690,0.948300,1.000000,,0.896600,1.000000,1,3,13,548
neuromorpho__100B_1_l_Ngr2KO_2.swc,pyramidal,82,1.000000,1.000000,1.000000,,1.000000,,1,0,81,0
neuromorpho__100B_2_l_Ngr2KO.swc,pyramidal,1016,1.000000,1.000000,1.000000,,1.000000,1.000000,1,0,378,637
neuromorpho__100D_1_l_Ngr2KO_2.swc,pyramidal,988,1.000000,1.000000,1.000000,,1.000000,1.000000,1,0,382,605
neuromorpho__101A_1_r_Ngr2KO_1.swc,pyramidal,840,1.000000,1.000000,1.000000,,1.000000,1.000000,1,0,57,782
neuromorpho__101A_1_r_Ngr2KO_3.swc,pyramidal,1000,1.000000,1.000000,1.000000,,1.000000,1.000000,1,0,266,733
neuromorpho__101D_1_l_Ngr2KO.swc,pyramidal,943,1.000000,1.000000,1.000000,,1.000000,1.000000,1,0,122,820
neuromorpho__10224c1.swc,pyramidal,2025,0.702222,0.882500,1.000000,1.000000,0.765100,,1,439,982,603
neuromorpho__102A_4_l_Ngr2KO_1.swc,pyramidal,415,1.000000,1.000000,1.000000,,1.000000,1.000000,1,0,41,373
neuromorpho__102A_4_r_Ngr2KO_2.swc,pyramidal,739,1.000000,1.000000,1.000000,,1.000000,1.000000,1,0,91,647
neuromorpho__102A_4_r_Ngr2KO_3.swc,pyramidal,899,1.000000,1.000000,1.000000,,1.000000,1.000000,1,0,318,580
neuromorpho__102B_1_l_Ngr2KO_3.swc,pyramidal,415,0.971084,0.964700,1.000000,,0.929400,1.000000,1,12,79,323
neuromorpho__103A_2_l_WT_2.swc,pyramidal,1166,1.000000,1.000000,1.000000,,1.000000,1.000000,1,0,483,682
neuromorpho__103A_2_r_WT_1.swc,pyramidal,1485,1.000000,1.000000,1.000000,,1.000000,1.000000,1,0,555,929
neuromorpho__103D_2_r_WT_1.swc,pyramidal,426,0.981221,0.983900,1.000000,,0.967700,1.000000,1,8,120,297
neuromorpho__104C_2_r_WT.swc,pyramidal,1129,1.000000,1.000000,1.000000,,1.000000,1.000000,1,0,311,817
neuromorpho__104D_1_L_WT.swc,pyramidal,989,1.000000,1.000000,1.000000,,1.000000,1.000000,1,0,403,585
neuromorpho__10507c1.swc,pyramidal,3315,0.330317,0.250000,1.000000,0.000000,0.750100,0.000000,1,0,1823,1491
neuromorpho__10512c2.swc,pyramidal,2631,0.631699,0.515400,1.000000,0.000000,0.796800,0.749300,1,512,1353,765
neuromorpho__105A_2_r_WT.swc,pyramidal,879,1.000000,1.000000,1.000000,,1.000000,1.000000,1,0,350,528
neuromorpho__105B_1_r_WT.swc,pyramidal,867,1.000000,1.000000,1.000000,,1.000000,1.000000,1,0,40,826
neuromorpho__105D_1_r_WT_2.swc,pyramidal,400,1.000000,1.000000,1.000000,,1.000000,1.000000,1,0,97,302
neuromorpho__106B_2_l_WT.swc,pyramidal,676,1.000000,1.000000,1.000000,,1.000000,1.000000,1,0,303,372
neuromorpho__106C_1_r_WT_1.swc,pyramidal,889,1.000000,1.000000,1.000000,,1.000000,1.000000,1,0,470,418
neuromorpho__1077-1-Sec10-LTL2.swc,pyramidal,1432,0.206006,0.170400,1.000000,,0.340900,0.000000,1,897,534,0
neuromorpho__1077-1-Sec5-LTL4.swc,pyramidal,1916,0.336117,0.251400,1.000000,,0.502700,0.000000,1,877,1038,0
neuromorpho__1077-1-Sec9-LTL1.swc,pyramidal,1357,0.992631,0.995700,1.000000,,0.991400,1.000000,1,10,579,767
neuromorpho__107B_1_l_Ngr2KO_1.swc,pyramidal,1115,1.000000,1.000000,1.000000,,1.000000,1.000000,1,0,389,725
neuromorpho__107B_3_r_Ngr2KO_2.swc,pyramidal,1177,1.000000,1.000000,1.000000,,1.000000,1.000000,1,0,361,815
neuromorpho__1083-2-Sec2-LTL1.swc,pyramidal,1139,1.000000,1.000000,1.000000,,1.000000,1.000000,1,0,592,546
neuromorpho__1083-3-Sec-5-BSL3.swc,pyramidal,1523,1.000000,1.000000,1.000000,,1.000000,1.000000,1,0,918,604
neuromorpho__1085-1-Sec5-BSL4.swc,pyramidal,1702,1.000000,1.000000,1.000000,,1.000000,1.000000,1,0,900,801
neuromorpho__1086-1-Sec1-BSL3.swc,pyramidal,2154,0.448468,0.309500,1.000000,,0.619000,0.000000,1,534,1619,0
neuromorpho__1086-1-Sec1-BSL4.swc,pyramidal,2787,0.627198,0.770800,1.000000,,0.770800,,1,17,1747,1022
neuromorpho__1087-2-Sec3-BSL2.swc,pyramidal,4027,0.678421,0.808300,1.000000,,0.808300,,1,0,2731,1295
neuromorpho__1088-1-Sec6-BSL1.swc,pyramidal,1444,1.000000,1.000000,1.000000,,1.000000,,1,0,1443,0
neuromorpho__108A_1_l_WT_2.swc,pyramidal,333,1.000000,1.000000,1.000000,,1.000000,1.000000,1,0,58,274
neuromorpho__109A_1_l_Ngr2KO.swc,pyramidal,713,1.000000,1.000000,1.000000,,1.000000,1.000000,1,0,223,489
neuromorpho__109A_1_r_Ngr2KO_2.swc,pyramidal,960,1.000000,1.000000,1.000000,,1.000000,1.000000,1,0,261,698
neuromorpho__109C_1_r_Ngr2KO_2.swc,pyramidal,940,1.000000,1.000000,1.000000,,1.000000,1.000000,1,0,438,501
neuromorpho__109F_1_l_Ngr2KO_1.swc,pyramidal,705,1.000000,1.000000,1.000000,,1.000000,1.000000,1,0,301,403
neuromorpho__10_Jul26-IR3-1a-MM.swc,pyramidal,6863,1.000000,1.000000,1.000000,,1.000000,1.000000,1,0,2441,4421
neuromorpho__10month-Arctic-44-LR_4.swc,pyramidal,843,1.000000,1.000000,1.000000,,,1.000000,1,0,0,842
neuromorpho__10month-Arctic-44-LR_5.swc,pyramidal,340,1.000000,1.000000,1.000000,,,1.000000,1,0,0,339
neuromorpho__10month-Arctic-45-N_1.swc,pyramidal,309,1.000000,1.000000,1.000000,,,1.000000,1,0,0,308
neuromorpho__10month-Arctic-45-N_4.swc,pyramidal,146,1.000000,1.000000,1.000000,,,1.000000,1,0,0,145
neuromorpho__10month-Arctic-72144-R-5_1.swc,pyramidal,488,1.000000,1.000000,1.000000,,,1.000000,1,0,0,487
neuromorpho__10month-Arctic-C5aR1-KO-5-2_1.swc,pyramidal,416,1.000000,1.000000,1.000000,,,1.000000,1,0,0,415
neuromorpho__10month-Arctic-C5aR1-KO-5-3_3.swc,pyramidal,806,1.000000,1.000000,1.000000,,,1.000000,1,0,0,805
neuromorpho__10month-Arctic-C5aR1-KO-52280-LR-2_1.swc,pyramidal,411,1.000000,1.000000,1.000000,,,1.000000,1,0,0,410
neuromorpho__10month-Arctic-C5aR1-KO-52280-R_2.swc,pyramidal,547,1.000000,1.000000,1.000000,,,1.000000,1,0,0,546
neuromorpho__10month-C5aR1-KO-52280-N_1.swc,pyramidal,485,1.000000,1.000000,1.000000,,,1.000000,1,0,0,484
neuromorpho__10month-wt-44-LL_3.swc,pyramidal,767,1.000000,1.000000,1.000000,,,1.000000,1,0,0,766
neuromorpho__10month-wt-8_1.swc,pyramidal,334,1.000000,1.000000,1.000000,,,1.000000,1,0,0,333
neuromorpho__10n08c3.swc,pyramidal,837,1.000000,1.000000,1.000000,1.000000,1.000000,1.000000,1,97,447,292
neuromorpho__1103-1-Sec3-BSL1.swc,pyramidal,1639,0.381940,0.552400,1.000000,,0.552400,,1,473,625,540
neuromorpho__1104-2-Sec2-BSL1.swc,pyramidal,1674,0.720430,0.837400,1.000000,,0.837400,,1,468,1205,0
neuromorpho__1104-2-Sec3-BSL2.swc,pyramidal,2615,0.590822,0.742700,1.000000,,0.742700,,1,18,1544,1052
neuromorpho__110A_2_r_Ngr2KO_2.swc,pyramidal,194,1.000000,1.000000,1.000000,,1.000000,1.000000,1,0,37,156
neuromorpho__110A_2_r_Ngr2KO_6.swc,pyramidal,214,0.887850,0.857100,1.000000,,0.714300,1.000000,1,24,30,159
neuromorpho__110B_1_r_Ngr2KO_2.swc,pyramidal,297,1.000000,1.000000,1.000000,,1.000000,1.000000,1,0,110,186
neuromorpho__1115-07-19-R1.swc,pyramidal,158,1.000000,1.000000,1.000000,,1.000000,,1,0,157,0
neuromorpho__1115-07-23-L1.swc,pyramidal,182,1.000000,1.000000,1.000000,,1.000000,,1,0,181,0
neuromorpho__1116-3-Sec2-BSL2.swc,pyramidal,1275,0.709020,0.499400,1.000000,,0.998900,0.000000,1,369,905,0
neuromorpho__1117-1-Sec10-BSL2.swc,pyramidal,1493,1.000000,1.000000,1.000000,,1.000000,1.000000,1,0,626,866
neuromorpho__111A_2_l_Ngr2KO_1.swc,pyramidal,248,1.000000,1.000000,1.000000,,1.000000,1.000000,1,0,72,175
neuromorpho__111A_2_l_Ngr2KO_2.swc,pyramidal,396,1.000000,1.000000,1.000000,,1.000000,1.000000,1,0,224,171
neuromorpho__11223c3.swc,pyramidal,2440,0.748770,0.902200,1.000000,1.000000,0.804300,,1,566,1260,613
neuromorpho__1124-1-Sec2-BSL1.swc,pyramidal,1644,0.570560,0.726400,1.000000,,0.726400,,1,0,937,706
neuromorpho__112A_1_R_WT.swc,pyramidal,541,1.000000,1.000000,1.000000,,1.000000,1.000000,1,0,177,363
neuromorpho__112B_1_R_WT_2.swc,pyramidal,177,1.000000,1.000000,1.000000,,,1.000000,1,0,0,176
neuromorpho__11302c2.swc,pyramidal,1146,0.979058,0.659000,1.000000,0.000000,0.977100,1.000000,1,0,536,609
neuromorpho__113F_1_L_WT_1.swc,pyramidal,301,1.000000,1.000000,1.000000,,1.000000,1.000000,1,0,160,140
neuromorpho__115-04-23-L1.swc,pyramidal,183,1.000000,1.000000,1.000000,,1.000000,,1,0,182,0
neuromorpho__115-04-27-R1.swc,pyramidal,202,1.000000,1.000000,1.000000,,1.000000,,1,0,201,0
neuromorpho__11501-23-R1.swc,pyramidal,206,1.000000,1.000000,1.000000,,1.000000,,1,0,205,0
neuromorpho__11501-24-R1.swc,pyramidal,191,1.000000,1.000000,1.000000,,1.000000,,1,0,190,0
neuromorpho__11502-23-L1.swc,pyramidal,234,1.000000,1.000000,1.000000,,1.000000,,1,0,233,0
neuromorpho__11503-23R2.swc,pyramidal,180,1.000000,1.000000,1.000000,,1.000000,,1,0,179,0
neuromorpho__11506-18-L1.swc,pyramidal,231,1.000000,1.000000,1.000000,,1.000000,,1,0,230,0
neuromorpho__11506-21-R1.swc,pyramidal,214,1.000000,1.000000,1.000000,,1.000000,,1,0,213,0
neuromorpho__11508-20-R1.swc,pyramidal,239,1.000000,1.000000,1.000000,,1.000000,,1,0,238,0
neuromorpho__11508-21-R1.swc,pyramidal,257,1.000000,1.000000,1.000000,,1.000000,,1,0,256,0
neuromorpho__11508-22-R1.swc,pyramidal,219,0.625571,0.768400,1.000000,,0.768400,,1,82,136,0
neuromorpho__11509-22-R1.swc,pyramidal,244,1.000000,1.000000,1.000000,,1.000000,,1,0,243,0
neuromorpho__11509-24-L1.swc,pyramidal,264,1.000000,1.000000,1.000000,,1.000000,,1,0,263,0
neuromorpho__11511c1_final.swc,pyramidal,1895,0.437467,0.327400,1.000000,0.000000,0.982200,0.000000,1,1036,858,0
neuromorpho__11713c2.swc,pyramidal,1478,0.353180,0.500000,1.000000,0.000000,1.000000,,1,0,521,956
neuromorpho__11C2neuron4.swc,pyramidal,3407,0.341943,0.509400,1.000000,,0.509400,,1,565,1164,1677
neuromorpho__11D4neuron4.swc,pyramidal,3178,0.571114,0.726900,1.000000,,0.726900,,1,0,1814,1363
neuromorpho__11_43.swc,pyramidal,706,1.000000,1.000000,1.000000,1.000000,1.000000,1.000000,1,44,444,217
neuromorpho__11a_1_1.swc,pyramidal,1417,1.000000,1.000000,1.000000,,1.000000,,1,0,1416,0
neuromorpho__11c_2.swc,pyramidal,318,0.908805,0.952100,1.000000,,0.952100,,1,29,288,0
neuromorpho__11o_pyramidal12aFI.swc,pyramidal,1356,1.000000,1.000000,1.000000,,1.000000,1.000000,1,0,665,690
neuromorpho__121012V1-2Slice4Cell1.swc,pyramidal,280,0.646429,0.392200,1.000000,,0.784300,0.000000,1,0,279,0
neuromorpho__121012V1-3Slice6Cell2.swc,pyramidal,810,1.000000,1.000000,1.000000,,1.000000,1.000000,1,0,356,453
neuromorpho__121012V1-3Slice6Cell6.swc,pyramidal,542,1.000000,1.000000,1.000000,,1.000000,1.000000,1,0,212,329
neuromorpho__12C1neuron2Layers.swc,pyramidal,2966,0.573837,0.729100,1.000000,,0.729100,,1,41,1701,1223
neuromorpho__12D2neuron1Layers.swc,pyramidal,2092,0.946463,0.972500,1.000000,,0.972500,,1,112,1979,0
neuromorpho__12D2neuron2.swc,pyramidal,1831,1.000000,1.000000,1.000000,,1.000000,,1,0,1830,0
neuromorpho__13A5neuron2.swc,pyramidal,1606,1.000000,1.000000,1.000000,,1.000000,,1,0,1605,0
neuromorpho__13B1neuron2.swc,pyramidal,2744,1.000000,1.000000,1.000000,,1.000000,,1,0,2743,0
neuromorpho__13_08_13_-2_Cell_-2.swc,pyramidal,31729,1.000000,1.000000,1.000000,1.000000,1.000000,1.000000,1,9329,10027,12372
neuromorpho__14--OTC-1-nM-NPY-11-weeks.swc,pyramidal,2821,1.000000,1.000000,1.000000,,1.000000,,1,0,2820,0
neuromorpho__1460-2-Sec2-LTL1.swc,pyramidal,1846,0.520585,0.684500,1.000000,,0.684500,,1,0,960,885
neuromorpho__14_den_ax.swc,pyramidal,132401,0.973746,0.529800,1.000000,0.996800,0.592500,0.000000,1,127211,5189,0
neuromorpho__15_33.swc,pyramidal,1026,1.000000,1.000000,1.000000,,1.000000,,1,0,1025,0
neuromorpho__15_35.swc,pyramidal,2247,1.000000,1.000000,1.000000,,1.000000,,1,0,2246,0
neuromorpho__15_den_ax.swc,pyramidal,130424,0.996197,0.986500,1.000000,0.997900,0.961500,1.000000,1,118753,6191,5479
neuromorpho__17o_pyramidal13aFI.swc,pyramidal,1141,1.000000,1.000000,1.000000,,1.000000,1.000000,1,0,655,485
neuromorpho__180608_morpho4_d4_hippo_D4-Hippo-Fresh-2_crop-2.swc,pyramidal,3479,1.000000,1.000000,1.000000,,1.000000,,1,0,3478,0
neuromorpho__180608_morpho4_d4_hippo_D4-Hippo-Fresh-2_crop-3.swc,pyramidal,1285,1.000000,1.000000,1.000000,,1.000000,,1,0,1284,0
neuromorpho__180608_morpho4_d4_hippo_D4-Hippo-Fresh-2_crop.swc,pyramidal,4014,1.000000,1.000000,1.000000,,1.000000,,1,0,4013,0
neuromorpho__180608_morpho4_d4_hippo_D4-Hippo-Fresh-4_crop-7.swc,pyramidal,3703,1.000000,1.000000,1.000000,,1.000000,,1,0,3702,0
neuromorpho__180702_morpho-6_hippo_tau488_trfp_map2647_Fresh-10_crop-1.swc,pyramidal,1924,1.000000,1.000000,1.000000,,1.000000,,1,0,1923,0
neuromorpho__180702_morpho-6_hippo_tau488_trfp_map2647_Fresh-4_crop-2.swc,pyramidal,1980,1.000000,1.000000,1.000000,,1.000000,,1,0,1979,0
neuromorpho__180702_morpho-6_hippo_tau488_trfp_map2647_Fresh-5_crop-1.swc,pyramidal,4148,1.000000,1.000000,1.000000,,1.000000,,1,0,4147,0
neuromorpho__180702_morpho-6_hippo_tau488_trfp_map2647_Fresh-5_crop.swc,pyramidal,1408,1.000000,1.000000,1.000000,,1.000000,,1,0,1407,0
neuromorpho__180702_morpho-6_hippo_tau488_trfp_map2647_Fresh-8_crop-4.swc,pyramidal,5522,1.000000,1.000000,1.000000,,1.000000,,1,0,5521,0
neuromorpho__180702_morpho-6_hippo_tau488_trfp_map2647_Hippo-1-6_crop-5.swc,pyramidal,1377,1.000000,1.000000,1.000000,,1.000000,,1,0,1376,0
neuromorpho__180702_morpho-6_hippo_tau488_trfp_map2647_Hippo-1-8_crop-6.swc,pyramidal,841,1.000000,1.000000,1.000000,,1.000000,,1,0,840,0
neuromorpho__180702_morpho-6_hippo_tau488_trfp_map2648_Hippo-3-10_crop-1.swc,pyramidal,2371,1.000000,1.000000,1.000000,,1.000000,,1,0,2370,0
neuromorpho__180702_morpho-6_hippo_tau488_trfp_map2648_Hippo-3-2_crop-2.swc,pyramidal,3229,1.000000,1.000000,1.000000,,1.000000,,1,0,3228,0
neuromorpho__180702_morpho-6_hippo_tau488_trfp_map2648_Hippo-3-2_crop-6.swc,pyramidal,3695,1.000000,1.000000,1.000000,,1.000000,,1,0,3694,0
neuromorpho__180702_morpho-6_hippo_tau488_trfp_map2648_Hippo-3-6_crop.swc,pyramidal,1581,1.000000,1.000000,1.000000,,1.000000,,1,0,1580,0
neuromorpho__180702_morpho-6_hippo_tau488_trfp_map2648_Hippo-4-10_crop-1.swc,pyramidal,3081,1.000000,1.000000,1.000000,,1.000000,,1,0,3080,0
neuromorpho__180702_morpho-6_hippo_tau488_trfp_map2648_Hippo-4-10_crop-3.swc,pyramidal,2896,1.000000,1.000000,1.000000,,1.000000,,1,0,2895,0
neuromorpho__180702_morpho-6_hippo_tau488_trfp_map2648_Hippo-4-3_crop-1.swc,pyramidal,2307,1.000000,1.000000,1.000000,,1.000000,,1,0,2306,0
neuromorpho__180702_morpho-6_hippo_tau488_trfp_map2648_Hippo-4-3_crop-3.swc,pyramidal,4128,1.000000,1.000000,1.000000,,1.000000,,1,0,4127,0
neuromorpho__180702_morpho-6_hippo_tau488_trfp_map2648_Hippo-4-3_crop.swc,pyramidal,1712,1.000000,1.000000,1.000000,,1.000000,,1,0,1711,0
neuromorpho__180702_morpho-6_hippo_tau488_trfp_map2648_Hippo-4-6_crop-2.swc,pyramidal,1085,1.000000,1.000000,1.000000,,1.000000,,1,0,1084,0
neuromorpho__180702_morpho-6_hippo_tau488_trfp_map2648_Hippo-4-7_crop-4.swc,pyramidal,935,1.000000,1.000000,1.000000,,1.000000,,1,0,934,0
neuromorpho__180702_morpho-6_hippo_tau488_trfp_map2648_Hippo-4-8_crop-2.swc,pyramidal,1654,1.000000,1.000000,1.000000,,1.000000,,1,0,1653,0
neuromorpho__180702_morpho-6_hippo_tau488_trfp_map2648_Hippo-4-9_crop-3.swc,pyramidal,1125,1.000000,1.000000,1.000000,,1.000000,,1,0,1124,0
neuromorpho__18414_slide1_cell3.swc,pyramidal,584,0.726027,0.841000,1.000000,,0.841000,,1,160,423,0
neuromorpho__18414_slide2_cell3.swc,pyramidal,1048,0.974237,0.660700,1.000000,0.000000,0.982100,1.000000,1,19,750,278
neuromorpho__19_06_13_-1_Cell_-6.swc,pyramidal,54512,1.000000,1.000000,1.000000,1.000000,1.000000,1.000000,1,23013,11336,20162
neuromorpho__1A3.swc,pyramidal,2317,1.000000,1.000000,1.000000,,1.000000,,1,0,2316,0
neuromorpho__1_54.swc,pyramidal,1268,0.978707,0.989200,1.000000,,0.989200,,1,27,1240,0
neuromorpho__1_den_ax.swc,pyramidal,126292,0.993879,0.579900,1.000000,0.999400,0.740200,0.000000,1,124559,1732,0
neuromorpho__1a_4.swc,pyramidal,1700,0.813529,0.897100,1.000000,,0.897100,,1,317,1382,0
neuromorpho__2--OTC-10-nM-NPY-9-weeks.swc,pyramidal,2579,0.893370,0.943700,1.000000,,0.943700,,1,275,2303,0
neuromorpho__2-ENU2-treated-neuron1.swc,pyramidal,674,0.654303,0.790700,1.000000,,0.790700,,1,30,440,203
neuromorpho__2-ENU2-veichle-neuron1_2.swc,pyramidal,198,1.000000,1.000000,1.000000,,1.000000,1.000000,1,0,78,119
neuromorpho__2-ENU2-veichle-neuron3_2.swc,pyramidal,150,0.913333,0.881800,1.000000,,0.763600,1.000000,1,13,21,115
neuromorpho__20171005C01.swc,pyramidal,3089,0.173519,0.147700,1.000000,,0.295300,0.000000,1,0,1314,1774
neuromorpho__20171124B01.swc,pyramidal,5945,0.979983,0.899400,1.000000,,0.802700,0.996100,1,75,286,5583
neuromorpho__20180109C01.swc,pyramidal,2754,0.289034,0.357100,1.000000,,0.000000,0.714300,1,1322,636,795
neuromorpho__20180417D01.swc,pyramidal,3712,1.000000,1.000000,1.000000,,1.000000,1.000000,1,0,1350,2361
neuromorpho__204B-3-R2.swc,pyramidal,1302,1.000000,1.000000,1.000000,1.000000,1.000000,1.000000,1,71,736,494
neuromorpho__20_25.swc,pyramidal,1933,1.000000,1.000000,1.000000,,1.000000,,1,0,1932,0
neuromorpho__20_26.swc,pyramidal,4195,1.000000,1.000000,1.000000,,1.000000,,1,0,4194,0
neuromorpho__21_22.swc,pyramidal,1668,0.991007,0.995500,1.000000,,0.995500,,1,15,1652,0
neuromorpho__21_24.swc,pyramidal,3128,1.000000,1.000000,1.000000,,1.000000,,1,0,3127,0
neuromorpho__21a_1.swc,pyramidal,960,1.000000,1.000000,1.000000,,1.000000,,1,0,959,0
neuromorpho__22411_cell1.swc,pyramidal,1118,1.000000,1.000000,1.000000,1.000000,1.000000,1.000000,1,22,713,382
neuromorpho__22411_cell9.swc,pyramidal,899,0.604004,0.329700,1.000000,0.000000,0.989100,0.000000,1,344,554,0
neuromorpho__22_21.swc,pyramidal,2421,1.000000,1.000000,1.000000,,1.000000,,1,0,2420,0
neuromorpho__22o_pyramidal16aFI.swc,pyramidal,1232,0.678571,0.837200,1.000000,,0.674300,1.000000,1,396,410,425
neuromorpho__236-1-14LS.swc,pyramidal,646,0.726006,0.600200,1.000000,0.000000,0.800500,1.000000,1,152,380,113
neuromorpho__236-1-19LS.swc,pyramidal,395,0.696203,0.410200,1.000000,0.000000,0.820400,,1,112,282,0
neuromorpho__236-1-24LS.swc,pyramidal,505,0.172277,0.427300,1.000000,1.000000,0.281800,0.000000,1,4,207,293
neuromorpho__236-1-9LS.swc,pyramidal,835,1.000000,1.000000,1.000000,,1.000000,1.000000,1,0,591,243
neuromorpho__236-1a-1-AW.swc,pyramidal,351,1.000000,1.000000,1.000000,1.000000,1.000000,1.000000,1,5,190,155
neuromorpho__236-1a-8-AW.swc,pyramidal,467,1.000000,1.000000,1.000000,1.000000,1.000000,1.000000,1,7,325,134
neuromorpho__236-2-10LS.swc,pyramidal,498,0.981928,0.991500,1.000000,,0.982900,1.000000,1,9,259,229
neuromorpho__236-2-11LS.swc,pyramidal,741,1.000000,1.000000,1.000000,1.000000,1.000000,1.000000,1,6,439,295
neuromorpho__236-2-19LS.swc,pyramidal,681,1.000000,1.000000,1.000000,1.000000,1.000000,1.000000,1,11,462,207
neuromorpho__236-2-29LS.swc,pyramidal,379,1.000000,1.000000,1.000000,1.000000,1.000000,1.000000,1,6,120,252
neuromorpho__236-2-33LS.swc,pyramidal,659,0.871017,0.629500,1.000000,0.000000,0.888600,1.000000,1,0,424,234
neuromorpho__236-2-38LS.swc,pyramidal,450,0.348889,0.234200,1.000000,0.000000,0.702700,0.000000,1,161,160,128
neuromorpho__236-2-42LS.swc,pyramidal,430,1.000000,1.000000,1.000000,,1.000000,1.000000,1,0,357,72
neuromorpho__236-2-44LS.swc,pyramidal,546,1.000000,1.000000,1.000000,1.000000,1.000000,1.000000,1,6,400,139
neuromorpho__236-2-47LS.swc,pyramidal,755,1.000000,1.000000,1.000000,1.000000,1.000000,1.000000,1,11,540,203
neuromorpho__236-2-51LS.swc,pyramidal,506,1.000000,1.000000,1.000000,1.000000,1.000000,1.000000,1,11,241,253
neuromorpho__236-2-55LS.swc,pyramidal,689,1.000000,1.000000,1.000000,1.000000,1.000000,1.000000,1,6,442,240
neuromorpho__236-2-62LS.swc,pyramidal,378,0.677249,0.807000,1.000000,,0.807000,,1,2,255,120
neuromorpho__236-2-71LS.swc,pyramidal,200,1.000000,1.000000,1.000000,,1.000000,1.000000,1,0,118,81
neuromorpho__236-2-79LS.swc,pyramidal,62,1.000000,1.000000,1.000000,,,1.000000,1,0,0,61
neuromorpho__236-2-80LS.swc,pyramidal,372,0.637097,0.388800,1.000000,0.000000,0.777600,,1,129,242,0
neuromorpho__236-2-84LS.swc,pyramidal,405,0.679012,0.902400,1.000000,1.000000,0.804800,,1,6,268,130
neuromorpho__236-2-91LS.swc,pyramidal,370,0.678378,0.807800,1.000000,,0.807800,,1,0,250,119
neuromorpho__236-2-92LS.swc,pyramidal,54,1.000000,1.000000,1.000000,1.000000,1.000000,1.000000,1,7,7,39
neuromorpho__236-2-93LS.swc,pyramidal,639,0.818466,0.329900,1.000000,0.000000,0.989600,0.000000,1,105,533,0
neuromorpho__236-2-94LS.swc,pyramidal,108,1.000000,1.000000,1.000000,,,1.000000,1,0,0,107
neuromorpho__236-2-96LS.swc,pyramidal,456,1.000000,1.000000,1.000000,1.000000,1.000000,1.000000,1,7,258,190
neuromorpho__236-2-99LS.swc,pyramidal,241,1.000000,1.000000,1.000000,1.000000,1.000000,1.000000,1,10,128,102
neuromorpho__236-2a-1-AW.swc,pyramidal,397,1.000000,1.000000,1.000000,1.000000,1.000000,1.000000,1,8,199,189
neuromorpho__236-2a-11-AW.swc,pyramidal,318,1.000000,1.000000,1.000000,1.000000,1.000000,1.000000,1,7,214,96
neuromorpho__236-2a-26-AW.swc,pyramidal,349,1.000000,1.000000,1.000000,,1.000000,1.000000,1,0,194,154
neuromorpho__236-2a-30-AW.swc,pyramidal,360,1.000000,1.000000,1.000000,1.000000,1.000000,1.000000,1,7,207,145
neuromorpho__236-2a-33-AW.swc,pyramidal,294,1.000000,1.000000,1.000000,,1.000000,1.000000,1,0,178,115
neuromorpho__236-2a-34-AW.swc,pyramidal,338,1.000000,1.000000,1.000000,1.000000,1.000000,1.000000,1,9,251,77
neuromorpho__236-2a-40-AW.swc,pyramidal,248,0.955645,0.656000,1.000000,0.000000,0.967900,1.000000,1,6,171,70
neuromorpho__236-2a-41-AW.swc,pyramidal,428,1.000000,1.000000,1.000000,1.000000,1.000000,1.000000,1,7,229,191
neuromorpho__236-2a-47-AW.swc,pyramidal,266,0.759398,0.829800,1.000000,1.000000,0.711700,0.777800,1,10,143,112
neuromorpho__236-2a-55-AW.swc,pyramidal,377,1.000000,1.000000,1.000000,1.000000,1.000000,1.000000,1,5,258,113
neuromorpho__236-2a-8-AW.swc,pyramidal,309,1.000000,1.000000,1.000000,1.000000,1.000000,1.000000,1,7,138,163
neuromorpho__236-2a-9-AW.swc,pyramidal,396,1.000000,1.000000,1.000000,1.000000,1.000000,1.000000,1,7,268,120
neuromorpho__236-3-15LS.swc,pyramidal,684,1.000000,1.000000,1.000000,1.000000,1.000000,1.000000,1,10,461,212
neuromorpho__236-3-16LS.swc,pyramidal,403,0.962779,0.983700,1.000000,,0.967300,1.000000,1,15,222,165
neuromorpho__236-3-30LS.swc,pyramidal,636,0.311321,0.731600,1.000000,1.000000,0.463200,,1,8,189,438
neuromorpho__236-3-33LS.swc,pyramidal,1234,1.000000,1.000000,1.000000,1.000000,1.000000,1.000000,1,10,806,417
neuromorpho__236-3-39LS.swc,pyramidal,669,1.000000,1.000000,1.000000,1.000000,1.000000,1.000000,1,7,495,166
neuromorpho__236-3-40LS.swc,pyramidal,544,0.755515,0.860400,1.000000,,0.860400,,1,133,410,0
neuromorpho__236-3-41LS.swc,pyramidal,568,0.565141,0.721500,1.000000,,0.721500,,1,247,320,0
neuromorpho__236-3-4LS.swc,pyramidal,661,1.000000,1.000000,1.000000,1.000000,1.000000,1.000000,1,6,467,187
neuromorpho__236-3-57LS.swc,pyramidal,342,0.257310,0.406500,1.000000,,0.406500,,1,0,87,254
neuromorpho__236-3-72LS.swc,pyramidal,486,0.582305,0.500000,1.000000,,1.000000,0.000000,1,203,282,0
neuromorpho__236-3-75LS.swc,pyramidal,336,0.892857,0.641800,1.000000,0.000000,0.925300,1.000000,1,0,259,76
neuromorpho__241-1-14-AW.swc,pyramidal,662,1.000000,1.000000,1.000000,1.000000,1.000000,1.000000,1,65,428,168
neuromorpho__241-1-16-AW.swc,pyramidal,717,0.951185,0.654500,1.000000,0.000000,0.963400,1.000000,1,0,495,221
neuromorpho__241-1-20-AW.swc,pyramidal,454,1.000000,1.000000,1.000000,,1.000000,1.000000,1,0,249,204
neuromorpho__241-1-21-AW.swc,pyramidal,366,1.000000,1.000000,1.000000,1.000000,1.000000,1.000000,1,11,288,66
neuromorpho__241-1-23-AW.swc,pyramidal,249,0.935743,0.483300,1.000000,0.000000,0.966700,,1,10,238,0
neuromorpho__241-1-27LU.swc,pyramidal,1195,0.841004,0.620000,1.000000,1.000000,0.859900,0.000000,1,421,773,0
neuromorpho__241-1-32LU.swc,pyramidal,412,0.601942,0.813600,1.000000,,1.000000,0.627300,1,164,109,138
neuromorpho__241-1-33LU.swc,pyramidal,659,0.995448,0.665200,1.000000,0.000000,0.995600,1.000000,1,0,339,319
neuromorpho__241-1-35VN.swc,pyramidal,699,1.000000,1.000000,1.000000,1.000000,1.000000,1.000000,1,8,501,189
neuromorpho__241-1-50VN.swc,pyramidal,391,1.000000,1.000000,1.000000,,1.000000,1.000000,1,0,296,94
neuromorpho__241-2-105-AW.swc,pyramidal,464,1.000000,1.000000,1.000000,,1.000000,1.000000,1,0,288,175
neuromorpho__241-2-107-AW.swc,pyramidal,592,0.763514,0.612800,1.000000,1.000000,0.838300,0.000000,1,88,503,0
neuromorpho__241-2-24VN.swc,pyramidal,876,1.000000,1.000000,1.000000,1.000000,1.000000,1.000000,1,6,415,454
neuromorpho__241-2-28VN.swc,pyramidal,605,1.000000,1.000000,1.000000,1.000000,1.000000,1.000000,1,8,386,210
neuromorpho__241-2-29VN.swc,pyramidal,331,1.000000,1.000000,1.000000,1.000000,1.000000,,1,6,324,0
neuromorpho__241-2-30VN.swc,pyramidal,745,0.828188,0.879100,1.000000,1.000000,0.857100,0.780100,1,5,512,227
neuromorpho__241-2-32VN.swc,pyramidal,885,0.804520,0.845400,1.000000,1.000000,0.858300,0.677800,1,5,697,182
neuromorpho__241-2-33VN.swc,pyramidal,853,1.000000,1.000000,1.000000,,1.000000,1.000000,1,0,607,245
neuromorpho__241-2-34VN.swc,pyramidal,639,0.773083,0.536600,1.000000,0.000000,0.990900,0.618800,1,138,388,112
neuromorpho__241-2-37VN.swc,pyramidal,731,0.792066,0.832700,1.000000,1.000000,0.850100,0.648100,1,7,583,140
neuromorpho__241-2-47-AW.swc,pyramidal,204,1.000000,1.000000,1.000000,,1.000000,1.000000,1,0,124,79
neuromorpho__241-2-49-AW.swc,pyramidal,347,1.000000,1.000000,1.000000,1.000000,1.000000,1.000000,1,2,186,158
neuromorpho__241-2-50-AW.swc,pyramidal,342,1.000000,1.000000,1.000000,1.000000,1.000000,1.000000,1,4,216,121
neuromorpho__241-2-51-AW.swc,pyramidal,400,1.000000,1.000000,1.000000,1.000000,1.000000,1.000000,1,6,211,182
neuromorpho__241-2-55LU.swc,pyramidal,705,0.564539,0.816200,1.000000,,0.632300,1.000000,1,307,264,133
neuromorpho__241-2-57LU.swc,pyramidal,723,1.000000,1.000000,1.000000,1.000000,1.000000,1.000000,1,7,402,313
neuromorpho__241-2-59LU.swc,pyramidal,594,0.126263,0.112000,1.000000,,0.223900,0.000000,1,6,83,504
neuromorpho__241-2-63LU.swc,pyramidal,241,1.000000,1.000000,1.000000,1.000000,1.000000,,1,8,232,0
neuromorpho__241-2-76LU.swc,pyramidal,713,0.563815,0.395100,1.000000,0.000000,0.616500,0.568700,1,74,487,151
neuromorpho__241-2-81LU.swc,pyramidal,183,0.469945,0.800400,1.000000,,0.600800,1.000000,1,97,73,12
neuromorpho__241-2-85LU.swc,pyramidal,175,1.000000,1.000000,1.000000,,1.000000,1.000000,1,0,161,13
neuromorpho__241-3-13LU.swc,pyramidal,1087,1.000000,1.000000,1.000000,1.000000,1.000000,1.000000,1,6,731,349
neuromorpho__241-3-14VN.swc,pyramidal,440,1.000000,1.000000,1.000000,1.000000,1.000000,1.000000,1,4,293,142
neuromorpho__241-3-15LU.swc,pyramidal,619,1.000000,1.000000,1.000000,1.000000,1.000000,1.000000,1,7,429,182
neuromorpho__241-3-23LU.swc,pyramidal,381,0.685039,0.812500,1.000000,,0.812500,,1,0,260,120
neuromorpho__241-3-26LU.swc,pyramidal,318,0.578616,0.366000,1.000000,0.000000,0.732000,,1,56,187,74
neuromorpho__241-3-31LU.swc,pyramidal,563,1.000000,1.000000,1.000000,1.000000,1.000000,1.000000,1,5,376,181
neuromorpho__241-3-33LU.swc,pyramidal,665,0.917293,0.649000,1.000000,0.000000,0.947000,1.000000,1,50,496,118
neuromorpho__241-3-38LU.swc,pyramidal,255,0.603922,0.751800,1.000000,,0.751800,,1,0,153,101
neuromorpho__241-3-43LU.swc,pyramidal,701,1.000000,1.000000,1.000000,1.000000,1.000000,1.000000,1,3,563,134
neuromorpho__241-3-47VN.swc,pyramidal,363,1.000000,1.000000,1.000000,1.000000,1.000000,1.000000,1,5,207,150
neuromorpho__242-1-12VN.swc,pyramidal,398,0.994975,0.998100,1.000000,,0.996300,1.000000,1,2,268,127
neuromorpho__242-1-2VN.swc,pyramidal,264,1.000000,1.000000,1.000000,,1.000000,1.000000,1,0,215,48
neuromorpho__242-1-3VN.swc,pyramidal,299,1.000000,1.000000,1.000000,1.000000,1.000000,1.000000,1,4,201,93
neuromorpho__242-1-9VN.swc,pyramidal,343,1.000000,1.000000,1.000000,1.000000,1.000000,1.000000,1,7,243,92
neuromorpho__242-2-15VN.swc,pyramidal,354,0.240113,0.384400,1.000000,,0.384400,,1,187,84,82
neuromorpho__242-2-18VN.swc,pyramidal,200,0.655000,0.841000,1.000000,,0.682000,1.000000,1,69,74,56
neuromorpho__242-2-1VN.swc,pyramidal,1060,0.369811,0.179800,1.000000,0.000000,0.539300,0.000000,1,16,631,412
neuromorpho__242-2-23VN.swc,pyramidal,97,0.948454,0.972500,1.000000,,0.945100,1.000000,1,5,43,48
neuromorpho__242-2-24VN.swc,pyramidal,63,0.476190,0.597600,1.000000,,0.195100,1.000000,1,33,4,25
neuromorpho__242-2-27VN.swc,pyramidal,370,1.000000,1.000000,1.000000,1.000000,1.000000,,1,4,365,0
neuromorpho__242-2-29VN.swc,pyramidal,837,1.000000,1.000000,1.000000,1.000000,1.000000,1.000000,1,57,582,197
neuromorpho__242-2-31VN.swc,pyramidal,899,1.000000,1.000000,1.000000,1.000000,1.000000,1.000000,1,46,578,274
neuromorpho__242-2-33LU.swc,pyramidal,704,1.000000,1.000000,1.000000,1.000000,1.000000,1.000000,1,9,313,381
neuromorpho__242-2-36LU.swc,pyramidal,497,1.000000,1.000000,1.000000,1.000000,1.000000,1.000000,1,5,379,112
neuromorpho__242-2-3VN.swc,pyramidal,733,0.587995,0.578800,1.000000,1.000000,0.736500,0.000000,1,8,607,117
neuromorpho__242-2-5VN.swc,pyramidal,735,0.976871,0.660200,1.000000,0.000000,0.980600,1.000000,1,0,446,288
neuromorpho__242-3-1-AW.swc,pyramidal,319,1.000000,1.000000,1.000000,1.000000,1.000000,1.000000,1,25,204,89
neuromorpho__242-3-11-AW.swc,pyramidal,630,1.000000,1.000000,1.000000,,1.000000,1.000000,1,0,355,274
neuromorpho__242-3-12-AW.swc,pyramidal,459,1.000000,1.000000,1.000000,,1.000000,1.000000,1,0,280,178
neuromorpho__242-3-13-AW.swc,pyramidal,525,0.579048,0.327900,1.000000,0.000000,0.983800,0.000000,1,211,313,0
neuromorpho__242-3-15LU.swc,pyramidal,389,1.000000,1.000000,1.000000,1.000000,1.000000,1.000000,1,10,204,174
neuromorpho__242-3-16LU.swc,pyramidal,844,1.000000,1.000000,1.000000,1.000000,1.000000,1.000000,1,219,471,153
neuromorpho__242-3-17LU.swc,pyramidal,417,0.482014,0.324700,1.000000,0.000000,0.649400,,1,32,204,180
neuromorpho__242-3-19LU.swc,pyramidal,554,1.000000,1.000000,1.000000,1.000000,1.000000,1.000000,1,8,239,306
neuromorpho__242-3-4-AW.swc,pyramidal,659,1.000000,1.000000,1.000000,1.000000,1.000000,1.000000,1,16,421,221
neuromorpho__242-3-7-AW.swc,pyramidal,322,1.000000,1.000000,1.000000,1.000000,1.000000,1.000000,1,14,185,122
neuromorpho__243-2-10VN.swc,pyramidal,125,0.800000,0.940200,1.000000,,0.880400,1.000000,1,25,92,7
neuromorpho__243-2-11VN.swc,pyramidal,453,1.000000,1.000000,1.000000,1.000000,1.000000,1.000000,1,6,356,90
neuromorpho__243-2-18VN.swc,pyramidal,452,1.000000,1.000000,1.000000,1.000000,1.000000,1.000000,1,7,360,84
neuromorpho__243-2-25VN.swc,pyramidal,169,0.928994,0.965500,1.000000,,0.931000,1.000000,1,12,81,75
neuromorpho__243-2-26VN.swc,pyramidal,310,0.935484,0.973800,1.000000,,0.947600,1.000000,1,20,181,108
neuromorpho__243-2-9VN.swc,pyramidal,119,0.722689,0.872100,1.000000,,0.744200,1.000000,1,33,48,37
neuromorpho__243-3-10VN.swc,pyramidal,501,1.000000,1.000000,1.000000,1.000000,1.000000,1.000000,1,12,409,79
neuromorpho__243-3-12VN.swc,pyramidal,564,1.000000,1.000000,1.000000,1.000000,1.000000,1.000000,1,9,365,189
neuromorpho__243-3-20VN.swc,pyramidal,615,1.000000,1.000000,1.000000,1.000000,1.000000,1.000000,1,10,445,159
neuromorpho__243-3-23VN.swc,pyramidal,527,0.931689,0.648000,1.000000,0.000000,0.944100,1.000000,1,0,340,186
neuromorpho__243-3-28VN.swc,pyramidal,609,0.935961,0.648800,1.000000,0.000000,0.946500,1.000000,1,27,357,224
neuromorpho__243-3-33VN.swc,pyramidal,217,1.000000,1.000000,1.000000,1.000000,1.000000,1.000000,1,7,154,55
neuromorpho__243-3-37-AW.swc,pyramidal,449,0.492205,0.519400,1.000000,0.000000,0.558100,1.000000,1,213,159,76
neuromorpho__243-3-47LU.swc,pyramidal,101,1.000000,1.000000,1.000000,1.000000,1.000000,1.000000,1,5,65,30
neuromorpho__243-3-52LU.swc,pyramidal,680,0.855882,0.329400,1.000000,0.000000,0.988100,0.000000,1,84,595,0
neuromorpho__243-3-5VN.swc,pyramidal,303,1.000000,1.000000,1.000000,1.000000,1.000000,1.000000,1,5,238,59
neuromorpho__243-3-6VN.swc,pyramidal,562,1.000000,1.000000,1.000000,,1.000000,1.000000,1,0,307,254
neuromorpho__25o_pyramidal18aFI.swc,pyramidal,752,0.682181,0.837000,1.000000,,0.673900,1.000000,1,239,247,265
neuromorpho__28_15.swc,pyramidal,2036,1.000000,1.000000,1.000000,,1.000000,,1,0,2035,0
neuromorpho__28_den_ax.swc,pyramidal,83384,0.995779,0.978500,1.000000,0.997800,0.959100,,1,79251,4132,0
neuromorpho__2_55.swc,pyramidal,90,0.577778,0.500000,1.000000,,1.000000,0.000000,1,38,51,0
neuromorpho__2d.swc,pyramidal,652,0.578221,0.732200,1.000000,,0.732200,,1,0,376,275
neuromorpho__3-ENU2-treated-neuron2.swc,pyramidal,312,1.000000,1.000000,1.000000,,1.000000,,1,0,311,0
neuromorpho__3-ENU2-treated-neuron2_2.swc,pyramidal,1047,0.973257,0.986900,1.000000,,0.973900,1.000000,1,28,522,496
neuromorpho__3-wild-type-veichle-neuron1_2.swc,pyramidal,852,0.942488,0.963800,1.000000,,0.927600,1.000000,1,49,314,488
neuromorpho__3-wild-type-veichle-neuron3_2.swc,pyramidal,703,0.977240,0.991600,1.000000,,0.983100,1.000000,1,16,466,220
neuromorpho__30_12.swc,pyramidal,1694,1.000000,1.000000,1.000000,,1.000000,,1,0,1693,0
neuromorpho__30_13.swc,pyramidal,3551,1.000000,1.000000,1.000000,,1.000000,,1,0,3550,0
neuromorpho__30_den_ax.swc,pyramidal,122122,0.997453,0.983100,1.000000,0.998700,0.967500,,1,117497,4624,0
neuromorpho__31991_cell11.swc,pyramidal,921,1.000000,1.000000,1.000000,1.000000,1.000000,1.000000,1,27,551,342
neuromorpho__31991_cell5.swc,pyramidal,621,1.000000,1.000000,1.000000,1.000000,1.000000,1.000000,1,23,335,262
neuromorpho__32221_cell1.swc,pyramidal,1232,1.000000,1.000000,1.000000,1.000000,1.000000,1.000000,1,22,686,523
neuromorpho__32221_cell11.swc,pyramidal,1418,1.000000,1.000000,1.000000,1.000000,1.000000,1.000000,1,12,757,648
neuromorpho__32221_cell2.swc,pyramidal,938,0.502132,0.323700,1.000000,0.000000,0.971100,0.000000,1,439,498,0
neuromorpho__32221_cell7.swc,pyramidal,2194,0.978578,0.660800,1.000000,0.000000,0.982300,1.000000,1,0,1349,844
neuromorpho__32315V1-4Slice5Cell2.swc,pyramidal,1002,1.000000,1.000000,1.000000,,1.000000,1.000000,1,0,438,563
neuromorpho__32368_slide1_cell1.swc,pyramidal,1681,0.966092,0.658600,1.000000,0.000000,0.975800,1.000000,1,30,1177,473
neuromorpho__32_13.swc,pyramidal,2823,1.000000,1.000000,1.000000,,1.000000,,1,0,2822,0
neuromorpho__34--In-vivo-NPY-4-weeks.swc,pyramidal,5482,0.423203,0.594600,1.000000,,0.594600,,1,3162,2319,0
neuromorpho__35_den_ax.swc,pyramidal,126678,0.975947,0.819700,1.000000,0.999500,0.640000,,1,121036,2708,2933
neuromorpho__37112_slide1_cell11.swc,pyramidal,1089,1.000000,1.000000,1.000000,1.000000,1.000000,1.000000,1,44,695,349
neuromorpho__37_9.swc,pyramidal,3549,1.000000,1.000000,1.000000,,1.000000,,1,0,3548,0
neuromorpho__389-01-02.swc,pyramidal,672,1.000000,1.000000,1.000000,1.000000,1.000000,1.000000,1,31,133,507
neuromorpho__389-01-05.swc,pyramidal,1021,0.744368,0.542200,1.000000,1.000000,0.626600,0.000000,1,540,480,0
neuromorpho__389-02-04.swc,pyramidal,819,0.210012,0.193900,1.000000,0.000000,0.581600,0.000000,1,0,417,401
neuromorpho__38_7.swc,pyramidal,1556,0.992931,0.996500,1.000000,,0.996500,,1,11,1544,0
neuromorpho__38a.swc,pyramidal,4279,0.000234,0.000000,1.000000,,0.000000,,1,4278,0,0
neuromorpho__391-04.swc,pyramidal,1233,0.579075,0.466600,1.000000,0.000000,0.933200,,1,102,713,417
neuromorpho__39_7.swc,pyramidal,1788,0.994407,0.997200,1.000000,,0.997200,,1,10,1777,0
neuromorpho__39_8.swc,pyramidal,4587,1.000000,1.000000,1.000000,,1.000000,,1,0,4586,0
neuromorpho__3PO2_4.swc,pyramidal,1790,0.741899,0.511400,1.000000,0.000000,0.534300,1.000000,1,99,628,1062
neuromorpho__3PO3_1.swc,pyramidal,1709,0.282621,0.146700,1.000000,0.000000,0.440200,0.000000,1,0,1708,0
neuromorpho__3_den_ax.swc,pyramidal,92297,0.990823,0.533700,1.000000,0.999700,0.601400,0.000000,1,90863,1433,0
neuromorpho__3a_3_1.swc,pyramidal,1407,0.607676,0.755800,1.000000,,0.755800,,1,0,854,552
neuromorpho__3d_2.swc,pyramidal,3779,0.589045,0.741300,1.000000,,0.741300,,1,0,2225,1553
neuromorpho__46-Neurone-2.swc,pyramidal,708,0.588983,0.370400,1.000000,,0.740900,0.000000,1,195,512,0
neuromorpho__4_54.swc,pyramidal,4396,1.000000,1.000000,1.000000,,1.000000,,1,0,4395,0
neuromorpho__4_den_ax.swc,pyramidal,80857,0.989908,0.557500,1.000000,0.999000,0.673600,0.000000,1,79354,1502,0
neuromorpho__4a_3.swc,pyramidal,1775,1.000000,1.000000,1.000000,,1.000000,,1,0,1774,0
neuromorpho__4c_1.swc,pyramidal,1783,1.000000,1.000000,1.000000,,1.000000,,1,0,1782,0
neuromorpho__53-Neurone2.swc,pyramidal,411,1.000000,1.000000,1.000000,1.000000,1.000000,1.000000,1,51,265,94
neuromorpho__554-1-R4.swc,pyramidal,593,0.482293,0.649900,1.000000,,0.649900,,1,4,285,303
neuromorpho__554-1R6.swc,pyramidal,1536,1.000000,1.000000,1.000000,,1.000000,,1,0,1535,0
neuromorpho__554-2-L3.swc,pyramidal,1623,0.792360,0.442000,1.000000,,0.884100,0.000000,1,44,1578,0
neuromorpho__557-2-L2.swc,pyramidal,1275,0.717647,0.835500,1.000000,,0.835500,,1,360,914,0
neuromorpho__558-2-R3.swc,pyramidal,1456,0.614011,0.315800,1.000000,0.000000,0.947500,0.000000,1,463,992,0
neuromorpho__560-1-L3.swc,pyramidal,1217,0.922761,0.967900,1.000000,,0.935900,1.000000,1,94,686,436
neuromorpho__560-3-R1.swc,pyramidal,1348,0.402077,0.286500,1.000000,,0.573100,0.000000,1,0,1347,0
neuromorpho__560-4-L2.swc,pyramidal,1141,1.000000,1.000000,1.000000,,1.000000,,1,0,1140,0
neuromorpho__5_47.swc,pyramidal,1954,1.000000,1.000000,1.000000,,1.000000,,1,0,1953,0
neuromorpho__5_49.swc,pyramidal,969,1.000000,1.000000,1.000000,,1.000000,,1,0,968,0
neuromorpho__621s2c5.swc,pyramidal,902,0.971175,0.656100,1.000000,0.000000,0.968400,1.000000,1,0,425,476
neuromorpho__6b_1.swc,pyramidal,367,0.980926,0.990300,1.000000,,0.990300,,1,7,359,0
neuromorpho__6d.swc,pyramidal,459,0.063181,0.115200,1.000000,,0.115200,,1,218,28,212
neuromorpho__72513V1-2Slice10Cell1.swc,pyramidal,1251,1.000000,1.000000,1.000000,,1.000000,1.000000,1,0,810,440
neuromorpho__72513V1-3Slice2Cell1.swc,pyramidal,1282,0.603744,0.602900,1.000000,,0.616900,0.589000,1,0,917,364
neuromorpho__72513V1-4Slice2Cell4.swc,pyramidal,1063,0.911571,0.911000,1.000000,,0.904700,0.917400,1,0,540,522
neuromorpho__72513V1-4Slice3Cell1.swc,pyramidal,1487,0.935440,0.969200,1.000000,,0.938500,1.000000,1,96,732,658
neuromorpho__72715-V1-5Slice4Cell1.swc,pyramidal,738,0.760163,0.431800,1.000000,,0.863500,0.000000,1,0,737,0
neuromorpho__7month-Arctic-13_1.swc,pyramidal,479,1.000000,1.000000,1.000000,,,1.000000,1,0,0,478
neuromorpho__7month-Arctic-20_5.swc,pyramidal,285,1.000000,1.000000,1.000000,,,1.000000,1,0,0,284
neuromorpho__7month-Arctic-9_3.swc,pyramidal,549,1.000000,1.000000,1.000000,,,1.000000,1,0,0,548
neuromorpho__7month-Arctic-C5aR1-KO-11_1.swc,pyramidal,901,1.000000,1.000000,1.000000,,,1.000000,1,0,0,900
neuromorpho__7month-Arctic-C5aR1-KO-11_2.swc,pyramidal,492,1.000000,1.000000,1.000000,,,1.000000,1,0,0,491
neuromorpho__7month-Arctic-C5aR1-KO-15_1.swc,pyramidal,733,1.000000,1.000000,1.000000,,,1.000000,1,0,0,732
neuromorpho__7month-Arctic-C5aR1-KO-24_4.swc,pyramidal,182,1.000000,1.000000,1.000000,,,1.000000,1,0,0,181
neuromorpho__7month-C5aR1-KO-10_2.swc,pyramidal,376,1.000000,1.000000,1.000000,,,1.000000,1,0,0,375
neuromorpho__7month-C5aR1-KO-14_4.swc,pyramidal,879,1.000000,1.000000,1.000000,,,1.000000,1,0,0,878
neuromorpho__7month-C5aR1-KO-14_5.swc,pyramidal,370,1.000000,1.000000,1.000000,,,1.000000,1,0,0,369
neuromorpho__7month-C5aR1-KO-18-4.swc,pyramidal,544,1.000000,1.000000,1.000000,,,1.000000,1,0,0,543
neuromorpho__7month-wt-16_2.swc,pyramidal,702,1.000000,1.000000,1.000000,,,1.000000,1,0,0,701
neuromorpho__7month-wt-16_3.swc,pyramidal,343,1.000000,1.000000,1.000000,,,1.000000,1,0,0,342
neuromorpho__7month-wt-19_3.swc,pyramidal,438,1.000000,1.000000,1.000000,,,1.000000,1,0,0,437
neuromorpho__8--OTC-100-pM-NPY-9-weeks.swc,pyramidal,3316,0.464113,0.633800,1.000000,,0.633800,,1,1777,1538,0
neuromorpho__8_43.swc,pyramidal,2276,1.000000,1.000000,1.000000,,1.000000,,1,0,2275,0
neuromorpho__9D1neuron2.swc,pyramidal,2548,0.600863,0.750600,1.000000,,0.750600,,1,0,1530,1017
neuromorpho__9_45.swc,pyramidal,1737,0.981577,0.990700,1.000000,,0.990700,,1,32,1704,0
neuromorpho__A1-4-1-15-JUN-2_final.swc,pyramidal,895,1.000000,1.000000,1.000000,,1.000000,,1,0,894,0
neuromorpho__A1-N3-1_13jun-5-_final.swc,pyramidal,1382,1.000000,1.000000,1.000000,,1.000000,,1,0,1381,0
neuromorpho__A1-n10-3_final.swc,pyramidal,717,1.000000,1.000000,1.000000,,1.000000,,1,0,716,0
neuromorpho__A1-n3-3_final.swc,pyramidal,1046,1.000000,1.000000,1.000000,,1.000000,,1,0,1045,0
neuromorpho__A1-n8-1_final.swc,pyramidal,924,1.000000,1.000000,1.000000,,1.000000,,1,0,923,0
neuromorpho__A1_slide1_neuron4.swc,pyramidal,330,0.845455,0.605300,1.000000,0.000000,0.815900,1.000000,1,33,131,165
neuromorpho__A1_slide2_13.swc,pyramidal,943,1.000000,1.000000,1.000000,1.000000,1.000000,1.000000,1,35,508,399
neuromorpho__A1_slide2_25.swc,pyramidal,563,0.882771,0.610400,1.000000,0.000000,0.835800,0.995400,1,47,187,328
neuromorpho__A1_slide2_27.swc,pyramidal,719,0.944367,0.616900,1.000000,0.000000,0.850700,1.000000,1,29,125,564
neuromorpho__A1_slide2_4.swc,pyramidal,446,1.000000,1.000000,1.000000,1.000000,1.000000,1.000000,1,10,192,243
neuromorpho__A1_slide2_6.swc,pyramidal,389,1.000000,1.000000,1.000000,1.000000,1.000000,1.000000,1,14,192,182
neuromorpho__A1_slide2_8.swc,pyramidal,307,1.000000,1.000000,1.000000,1.000000,1.000000,1.000000,1,20,162,124
neuromorpho__A1_slide2_neuron3_II_III.swc,pyramidal,1236,1.000000,1.000000,1.000000,1.000000,1.000000,1.000000,1,105,678,452
neuromorpho__A1_slide2_neuron5.swc,pyramidal,582,1.000000,1.000000,1.000000,1.000000,1.000000,1.000000,1,28,183,370
neuromorpho__A1_slide2_neuron6.swc,pyramidal,501,1.000000,1.000000,1.000000,1.000000,1.000000,1.000000,1,7,194,299
neuromorpho__A1_slide2_nueron1_II_III.swc,pyramidal,1000,1.000000,1.000000,1.000000,1.000000,1.000000,1.000000,1,133,470,396
neuromorpho__A1_slide3_14.swc,pyramidal,472,1.000000,1.000000,1.000000,1.000000,1.000000,1.000000,1,12,180,279
neuromorpho__A1_slide3_4.swc,pyramidal,396,1.000000,1.000000,1.000000,1.000000,1.000000,1.000000,1,20,234,141
neuromorpho__A1_slide3_6.swc,pyramidal,1107,1.000000,1.000000,1.000000,1.000000,1.000000,1.000000,1,62,617,427
neuromorpho__A1_slide3_7.swc,pyramidal,1506,1.000000,1.000000,1.000000,1.000000,1.000000,1.000000,1,37,727,741
neuromorpho__A1_slide3_neuron5.swc,pyramidal,588,1.000000,1.000000,1.000000,1.000000,1.000000,1.000000,1,31,293,263
neuromorpho__A1_slide4_neuron1.swc,pyramidal,1091,1.000000,1.000000,1.000000,1.000000,1.000000,1.000000,1,37,478,575
neuromorpho__A2-N3-1_final.swc,pyramidal,1014,1.000000,1.000000,1.000000,,1.000000,,1,0,1013,0
neuromorpho__A2-N6-1_final.swc,pyramidal,1194,1.000000,1.000000,1.000000,,1.000000,,1,0,1193,0
neuromorpho__A2_slide2_14.swc,pyramidal,685,1.000000,1.000000,1.000000,,1.000000,1.000000,1,0,279,405
neuromorpho__A2_slide2_3.swc,pyramidal,471,1.000000,1.000000,1.000000,1.000000,1.000000,1.000000,1,8,223,239
neuromorpho__A2_slide3_1.swc,pyramidal,489,1.000000,1.000000,1.000000,1.000000,1.000000,1.000000,1,50,165,273
neuromorpho__A2_slide3_15.swc,pyramidal,528,0.977273,0.987600,1.000000,,0.975100,1.000000,1,12,235,280
neuromorpho__A2_slide3_20.swc,pyramidal,1003,1.000000,1.000000,1.000000,1.000000,1.000000,1.000000,1,12,266,724
neuromorpho__A2_slide3_9.swc,pyramidal,1155,1.000000,1.000000,1.000000,1.000000,1.000000,1.000000,1,77,597,480
neuromorpho__A2_slide3_neuron3.swc,pyramidal,599,1.000000,1.000000,1.000000,1.000000,1.000000,1.000000,1,44,331,223
neuromorpho__A2_slide3_neuron4_II_III.swc,pyramidal,735,1.000000,1.000000,1.000000,1.000000,1.000000,1.000000,1,70,426,238
neuromorpho__A2_slide3_neuron6.swc,pyramidal,801,1.000000,1.000000,1.000000,1.000000,1.000000,1.000000,1,22,262,516
neuromorpho__A3-N5-2_final.swc,pyramidal,738,1.000000,1.000000,1.000000,,1.000000,,1,0,737,0
neuromorpho__A3-N7-3_final.swc,pyramidal,1171,1.000000,1.000000,1.000000,,1.000000,,1,0,1170,0
neuromorpho__A3-N8-2_final.swc,pyramidal,1330,1.000000,1.000000,1.000000,,1.000000,,1,0,1329,0
neuromorpho__A3-n12-2_final.swc,pyramidal,884,1.000000,1.000000,1.000000,,1.000000,,1,0,883,0
neuromorpho__A3-n15-2_final.swc,pyramidal,1214,1.000000,1.000000,1.000000,,1.000000,,1,0,1213,0
neuromorpho__A3-n6-2_1.swc,pyramidal,1234,1.000000,1.000000,1.000000,,1.000000,,1,0,1233,0
neuromorpho__A3-n9-3_1.swc,pyramidal,983,1.000000,1.000000,1.000000,,1.000000,,1,0,982,0
neuromorpho__A3_slide2_1.swc,pyramidal,582,0.981100,0.990400,1.000000,,0.980800,1.000000,1,11,281,289
neuromorpho__A3_slide2_10.swc,pyramidal,1317,1.000000,1.000000,1.000000,1.000000,1.000000,1.000000,1,14,497,805
neuromorpho__A3_slide2_19.swc,pyramidal,605,1.000000,1.000000,1.000000,1.000000,1.000000,1.000000,1,8,262,334
neuromorpho__A3_slide2_6.swc,pyramidal,1085,1.000000,1.000000,1.000000,1.000000,1.000000,1.000000,1,62,287,735
neuromorpho__A3_slide2_9.swc,pyramidal,2087,1.000000,1.000000,1.000000,1.000000,1.000000,1.000000,1,64,770,1252
neuromorpho__A3_slide2_neuron1.swc,pyramidal,404,0.957921,0.648200,1.000000,0.000000,0.944600,1.000000,1,6,156,241
neuromorpho__A3_slide2_neuron4.swc,pyramidal,396,1.000000,1.000000,1.000000,1.000000,1.000000,1.000000,1,26,216,153
neuromorpho__A3_slide3_14.swc,pyramidal,361,1.000000,1.000000,1.000000,1.000000,1.000000,1.000000,1,52,143,165
neuromorpho__A3_slide3_22.swc,pyramidal,450,0.957778,0.646800,1.000000,0.000000,0.940400,1.000000,1,17,152,280
neuromorpho__A3_slide3_23.swc,pyramidal,566,1.000000,1.000000,1.000000,1.000000,1.000000,1.000000,1,8,202,355
neuromorpho__A3_slide3_3.swc,pyramidal,472,1.000000,1.000000,1.000000,1.000000,1.000000,1.000000,1,16,169,286
neuromorpho__A3_slide3_neuron6.swc,pyramidal,579,1.000000,1.000000,1.000000,1.000000,1.000000,1.000000,1,15,289,274
neuromorpho__A4-6-2-2-15-JUN-2_final.swc,pyramidal,809,1.000000,1.000000,1.000000,,1.000000,,1,0,808,0
neuromorpho__A4_slide1_1.swc,pyramidal,288,1.000000,1.000000,1.000000,1.000000,1.000000,1.000000,1,6,118,163
neuromorpho__A4_slide2_10.swc,pyramidal,941,1.000000,1.000000,1.000000,1.000000,1.000000,1.000000,1,11,338,591
neuromorpho__A4_slide2_2.swc,pyramidal,471,1.000000,1.000000,1.000000,1.000000,1.000000,1.000000,1,13,176,281
neuromorpho__A4_slide2_24.swc,pyramidal,530,1.000000,1.000000,1.000000,1.000000,1.000000,1.000000,1,19,199,311
neuromorpho__A4_slide2_3.swc,pyramidal,591,1.000000,1.000000,1.000000,1.000000,1.000000,1.000000,1,16,270,304
neuromorpho__A4_slide2_neuron5.swc,pyramidal,543,1.000000,1.000000,1.000000,1.000000,1.000000,1.000000,1,36,233,273
neuromorpho__A4_slide3_13.swc,pyramidal,459,1.000000,1.000000,1.000000,1.000000,1.000000,1.000000,1,61,167,230
neuromorpho__A4_slide3_neuron1.swc,pyramidal,681,1.000000,1.000000,1.000000,1.000000,1.000000,1.000000,1,30,295,355
neuromorpho__A4_slide4_neuron1.swc,pyramidal,869,1.000000,1.000000,1.000000,1.000000,1.000000,1.000000,1,31,479,358
neuromorpho__A4_slide4_neuron1_II_III.swc,pyramidal,981,0.727829,0.534000,1.000000,0.000000,0.602100,1.000000,1,251,218,511
neuromorpho__A586_NeuronA_40X_Tile_Trace_RK.swc,pyramidal,947,0.761352,0.500000,1.000000,,1.000000,0.000000,1,226,720,0
neuromorpho__A937_NeuronA_40x_Tile_Trace_RK.swc,pyramidal,511,1.000000,1.000000,1.000000,,1.000000,1.000000,1,0,235,275
neuromorpho__A937_NeuronC_40x_Tile_Trace_MK.swc,pyramidal,948,0.472574,0.500000,1.000000,,1.000000,0.000000,1,500,447,0
neuromorpho__A998_NeuronA_40x_Tile_Trace_RK.swc,pyramidal,226,0.221239,0.500000,1.000000,,1.000000,0.000000,1,176,49,0
neuromorpho__A998_NeuronB_40X_Tile_Trace_RK.swc,pyramidal,300,1.000000,1.000000,1.000000,,1.000000,1.000000,1,0,99,200
neuromorpho__AA0310.swc,pyramidal,2234,1.000000,1.000000,1.000000,1.000000,1.000000,,1,1877,356,0
neuromorpho__AA0323.swc,pyramidal,1850,1.000000,1.000000,1.000000,1.000000,1.000000,,1,1407,442,0
neuromorpho__AA0340.swc,pyramidal,4218,1.000000,1.000000,1.000000,1.000000,1.000000,,1,3449,768,0
neuromorpho__AA0347.swc,pyramidal,4986,1.000000,1.000000,1.000000,1.000000,1.000000,,1,4246,739,0
neuromorpho__AA0348.swc,pyramidal,4144,1.000000,1.000000,1.000000,1.000000,1.000000,,1,3035,1108,0
neuromorpho__AA0351.swc,pyramidal,857,1.000000,1.000000,1.000000,1.000000,1.000000,,1,624,232,0
neuromorpho__AA0353.swc,pyramidal,5108,1.000000,1.000000,1.000000,1.000000,1.000000,,1,4495,612,0
neuromorpho__AA0358.swc,pyramidal,5381,1.000000,1.000000,1.000000,1.000000,1.000000,,1,4698,682,0
neuromorpho__AA0365.swc,pyramidal,5205,1.000000,1.000000,1.000000,1.000000,1.000000,,1,4397,807,0
neuromorpho__AA0366.swc,pyramidal,4502,1.000000,1.000000,1.000000,1.000000,1.000000,,1,3435,1066,0
neuromorpho__AA0374.swc,pyramidal,6307,1.000000,1.000000,1.000000,1.000000,1.000000,,1,6096,210,0
neuromorpho__AA0377.swc,pyramidal,7405,1.000000,1.000000,1.000000,1.000000,1.000000,,1,7045,359,0
neuromorpho__AA0381.swc,pyramidal,5041,1.000000,1.000000,1.000000,1.000000,1.000000,,1,4806,234,0
neuromorpho__AA0393.swc,pyramidal,22396,1.000000,1.000000,1.000000,1.000000,1.000000,,1,21975,420,0
neuromorpho__AA0397.swc,pyramidal,60425,1.000000,1.000000,1.000000,1.000000,1.000000,,1,59647,777,0
neuromorpho__AA0403.swc,pyramidal,21732,1.000000,1.000000,1.000000,1.000000,1.000000,,1,21430,301,0
neuromorpho__AA0415.swc,pyramidal,6738,1.000000,1.000000,1.000000,1.000000,1.000000,,1,6071,666,0
neuromorpho__AA0420.swc,pyramidal,30287,1.000000,1.000000,1.000000,1.000000,1.000000,,1,30141,145,0
neuromorpho__AA0456.swc,pyramidal,5554,1.000000,1.000000,1.000000,1.000000,1.000000,,1,5123,430,0
neuromorpho__AA0463.swc,pyramidal,652,1.000000,1.000000,1.000000,1.000000,1.000000,,1,432,219,0
neuromorpho__AA0467.swc,pyramidal,25687,1.000000,1.000000,1.000000,1.000000,1.000000,,1,25478,208,0
neuromorpho__AA0473.swc,pyramidal,4345,1.000000,1.000000,1.000000,1.000000,1.000000,,1,4022,322,0
neuromorpho__AA0477.swc,pyramidal,949,1.000000,1.000000,1.000000,1.000000,1.000000,,1,822,126,0
neuromorpho__AA0489.swc,pyramidal,1095,1.000000,1.000000,1.000000,1.000000,1.000000,,1,504,590,0
neuromorpho__AA0496.swc,pyramidal,723,1.000000,1.000000,1.000000,1.000000,1.000000,,1,496,226,0
neuromorpho__AA0497.swc,pyramidal,443,1.000000,1.000000,1.000000,1.000000,1.000000,,1,379,63,0
neuromorpho__AA0500.swc,pyramidal,531,1.000000,1.000000,1.000000,1.000000,1.000000,,1,261,269,0
neuromorpho__AA0512.swc,pyramidal,2820,1.000000,1.000000,1.000000,1.000000,1.000000,,1,2466,353,0
neuromorpho__AA0523.swc,pyramidal,4819,1.000000,1.000000,1.000000,1.000000,1.000000,,1,4535,283,0
neuromorpho__AA0528.swc,pyramidal,1232,1.000000,1.000000,1.000000,1.000000,1.000000,,1,1001,230,0
neuromorpho__AA0538.swc,pyramidal,1221,1.000000,1.000000,1.000000,1.000000,1.000000,,1,1046,174,0
neuromorpho__AA0548.swc,pyramidal,1223,1.000000,1.000000,1.000000,1.000000,1.000000,,1,1034,188,0
neuromorpho__AA0574.swc,pyramidal,2185,1.000000,1.000000,1.000000,1.000000,1.000000,,1,1746,438,0
neuromorpho__AA0580.swc,pyramidal,2783,1.000000,1.000000,1.000000,1.000000,1.000000,,1,2232,550,0
neuromorpho__AA0601.swc,pyramidal,3272,1.000000,1.000000,1.000000,1.000000,1.000000,,1,3040,231,0
neuromorpho__AA0603.swc,pyramidal,4819,1.000000,1.000000,1.000000,1.000000,1.000000,,1,4329,489,0
neuromorpho__AA0632.swc,pyramidal,10188,1.000000,1.000000,1.000000,1.000000,1.000000,,1,9670,517,0
neuromorpho__AA0647.swc,pyramidal,1222,1.000000,1.000000,1.000000,1.000000,1.000000,,1,994,227,0
neuromorpho__AA0661.swc,pyramidal,4130,1.000000,1.000000,1.000000,1.000000,1.000000,,1,3806,323,0
neuromorpho__AA0687.swc,pyramidal,1986,1.000000,1.000000,1.000000,1.000000,1.000000,,1,1529,456,0
neuromorpho__AA0703.swc,pyramidal,1275,1.000000,1.000000,1.000000,1.000000,1.000000,,1,1010,264,0
neuromorpho__AA0709.swc,pyramidal,1016,1.000000,1.000000,1.000000,1.000000,1.000000,,1,811,204,0
neuromorpho__AA0713.swc,pyramidal,1402,1.000000,1.000000,1.000000,1.000000,1.000000,,1,1156,245,0
neuromorpho__AA0716.swc,pyramidal,1460,1.000000,1.000000,1.000000,1.000000,1.000000,,1,1245,214,0
neuromorpho__AA0719.swc,pyramidal,3428,1.000000,1.000000,1.000000,1.000000,1.000000,,1,3030,397,0
neuromorpho__AA0723.swc,pyramidal,1019,1.000000,1.000000,1.000000,1.000000,1.000000,,1,790,228,0
neuromorpho__AA0735.swc,pyramidal,27249,1.000000,1.000000,1.000000,1.000000,1.000000,,1,26980,268,0
neuromorpho__AA0736.swc,pyramidal,2039,1.000000,1.000000,1.000000,1.000000,1.000000,,1,1710,328,0
neuromorpho__AA0737.swc,pyramidal,3946,1.000000,1.000000,1.000000,1.000000,1.000000,,1,3826,119,0
neuromorpho__AA0738.swc,pyramidal,3157,1.000000,1.000000,1.000000,1.000000,1.000000,,1,2752,404,0
neuromorpho__AA0751.swc,pyramidal,2854,1.000000,1.000000,1.000000,1.000000,1.000000,,1,2656,197,0
neuromorpho__AA0758.swc,pyramidal,4158,1.000000,1.000000,1.000000,1.000000,1.000000,,1,3802,355,0
neuromorpho__AA0773.swc,pyramidal,12845,1.000000,1.000000,1.000000,1.000000,1.000000,,1,12575,269,0
neuromorpho__AA0775.swc,pyramidal,5632,1.000000,1.000000,1.000000,1.000000,1.000000,,1,5359,272,0
neuromorpho__AA0789.swc,pyramidal,3044,1.000000,1.000000,1.000000,1.000000,1.000000,,1,2791,252,0
neuromorpho__AA0800.swc,pyramidal,2042,1.000000,1.000000,1.000000,1.000000,1.000000,,1,1717,324,0
neuromorpho__AA0803.swc,pyramidal,2699,1.000000,1.000000,1.000000,1.000000,1.000000,,1,2452,246,0
neuromorpho__AA0811.swc,pyramidal,2030,1.000000,1.000000,1.000000,1.000000,1.000000,,1,1818,211,0
neuromorpho__AA0815.swc,pyramidal,4836,1.000000,1.000000,1.000000,1.000000,1.000000,,1,4557,278,0
neuromorpho__AA0818.swc,pyramidal,1870,1.000000,1.000000,1.000000,1.000000,1.000000,,1,1453,416,0
neuromorpho__AA0819.swc,pyramidal,1372,1.000000,1.000000,1.000000,1.000000,1.000000,,1,1048,323,0
neuromorpho__AA0820.swc,pyramidal,1858,1.000000,1.000000,1.000000,1.000000,1.000000,,1,1460,397,0
neuromorpho__AA0821.swc,pyramidal,2291,1.000000,1.000000,1.000000,1.000000,1.000000,,1,1919,371,0
neuromorpho__AA0826.swc,pyramidal,3134,1.000000,1.000000,1.000000,1.000000,1.000000,,1,2940,193,0
neuromorpho__AA0827.swc,pyramidal,2865,1.000000,1.000000,1.000000,1.000000,1.000000,,1,2575,289,0
neuromorpho__AA0833.swc,pyramidal,1671,1.000000,1.000000,1.000000,1.000000,1.000000,,1,1463,207,0
neuromorpho__AA0844.swc,pyramidal,1681,1.000000,1.000000,1.000000,1.000000,1.000000,,1,1468,212,0
neuromorpho__AA0849.swc,pyramidal,1056,1.000000,1.000000,1.000000,1.000000,1.000000,,1,748,307,0
neuromorpho__AA0850.swc,pyramidal,2407,1.000000,1.000000,1.000000,1.000000,1.000000,,1,1916,490,0
neuromorpho__AA0852.swc,pyramidal,2073,1.000000,1.000000,1.000000,1.000000,1.000000,,1,1812,260,0
neuromorpho__AA0860.swc,pyramidal,873,1.000000,1.000000,1.000000,1.000000,1.000000,,1,725,147,0
neuromorpho__AA0862.swc,pyramidal,4830,1.000000,1.000000,1.000000,1.000000,1.000000,,1,4689,140,0
neuromorpho__AA0870.swc,pyramidal,3636,1.000000,1.000000,1.000000,1.000000,1.000000,,1,3370,265,0
neuromorpho__AA0872.swc,pyramidal,2562,1.000000,1.000000,1.000000,1.000000,1.000000,,1,2326,235,0
neuromorpho__AA0882.swc,pyramidal,291,1.000000,1.000000,1.000000,1.000000,1.000000,,1,171,119,0
neuromorpho__AA0888.swc,pyramidal,3921,1.000000,1.000000,1.000000,1.000000,1.000000,,1,3391,529,0
neuromorpho__AA0898.swc,pyramidal,934,1.000000,1.000000,1.000000,1.000000,1.000000,,1,749,184,0
neuromorpho__AA0899.swc,pyramidal,1272,1.000000,1.000000,1.000000,1.000000,1.000000,,1,1014,257,0
neuromorpho__AA0902.swc,pyramidal,361,1.000000,1.000000,1.000000,1.000000,1.000000,,1,150,210,0
neuromorpho__AA0907.swc,pyramidal,1837,1.000000,1.000000,1.000000,1.000000,1.000000,,1,1545,291,0
neuromorpho__AA0912.swc,pyramidal,693,1.000000,1.000000,1.000000,1.000000,1.000000,,1,535,157,0
neuromorpho__AA0913.swc,pyramidal,1101,1.000000,1.000000,1.000000,1.000000,1.000000,,1,874,226,0
neuromorpho__AA0922.swc,pyramidal,3559,1.000000,1.000000,1.000000,1.000000,1.000000,,1,3135,423,0
neuromorpho__AA0923.swc,pyramidal,4417,1.000000,1.000000,1.000000,1.000000,1.000000,,1,3910,506,0
neuromorpho__AA0928.swc,pyramidal,1072,1.000000,1.000000,1.000000,1.000000,1.000000,,1,712,359,0
neuromorpho__AA0942.swc,pyramidal,4205,1.000000,1.000000,1.000000,1.000000,1.000000,,1,3874,330,0
neuromorpho__AA0944.swc,pyramidal,3770,1.000000,1.000000,1.000000,1.000000,1.000000,,1,3250,519,0
neuromorpho__AA0956.swc,pyramidal,5893,1.000000,1.000000,1.000000,1.000000,1.000000,,1,5517,375,0
neuromorpho__AA0999.swc,pyramidal,9443,1.000000,1.000000,1.000000,1.000000,1.000000,,1,9255,187,0
neuromorpho__AA1000.swc,pyramidal,1512,1.000000,1.000000,1.000000,1.000000,1.000000,,1,1219,292,0
neuromorpho__APPKO-set1-006.swc,pyramidal,1006,1.000000,1.000000,1.000000,,1.000000,,1,0,1005,0
neuromorpho__APPKO-set2-006.swc,pyramidal,734,1.000000,1.000000,1.000000,,1.000000,,1,0,733,0
neuromorpho__APPKO-set2-008.swc,pyramidal,929,1.000000,1.000000,1.000000,,1.000000,,1,0,928,0
neuromorpho__APPKO-set3-003.swc,pyramidal,623,1.000000,1.000000,1.000000,,1.000000,,1,0,622,0
neuromorpho__APPKO-set3-004.swc,pyramidal,1093,1.000000,1.000000,1.000000,,1.000000,,1,0,1092,0
neuromorpho__APPKO-set3-007.swc,pyramidal,827,1.000000,1.000000,1.000000,,1.000000,,1,0,826,0
neuromorpho__A_GFP_0002_final.swc,pyramidal,1034,1.000000,1.000000,1.000000,,1.000000,,1,0,1033,0
neuromorpho__A_GFP_0014_final.swc,pyramidal,1130,1.000000,1.000000,1.000000,,1.000000,,1,0,1129,0
neuromorpho__A_RFP_0001_2final.swc,pyramidal,1086,1.000000,1.000000,1.000000,,1.000000,,1,0,1085,0
neuromorpho__A_RFP_0001_final.swc,pyramidal,477,1.000000,1.000000,1.000000,,1.000000,,1,0,476,0
neuromorpho__A_RFP_0010_final2.swc,pyramidal,831,1.000000,1.000000,1.000000,,1.000000,,1,0,830,0
neuromorpho__A_RFP_0011_final.swc,pyramidal,1355,1.000000,1.000000,1.000000,,1.000000,,1,0,1354,0
neuromorpho__A_RFP_0016_final.swc,pyramidal,1538,1.000000,1.000000,1.000000,,1.000000,,1,0,1537,0
neuromorpho__A_RFP_0017_final.swc,pyramidal,1193,1.000000,1.000000,1.000000,,1.000000,,1,0,1192,0
neuromorpho__B1_slide1_3.swc,pyramidal,292,0.869863,0.633700,1.000000,0.000000,0.901000,1.000000,1,0,211,80
neuromorpho__B1_slide1_7.swc,pyramidal,544,1.000000,1.000000,1.000000,1.000000,1.000000,1.000000,1,31,201,311
neuromorpho__B1_slide1_neuron1.swc,pyramidal,512,1.000000,1.000000,1.000000,1.000000,1.000000,1.000000,1,17,270,224
neuromorpho__B1_slide1_neuron2.swc,pyramidal,231,0.965368,0.655300,1.000000,0.000000,0.965800,1.000000,1,0,121,109
neuromorpho__B1_slide2_3.swc,pyramidal,810,1.000000,1.000000,1.000000,1.000000,1.000000,1.000000,1,16,448,345
neuromorpho__B1_slide2_5.swc,pyramidal,348,1.000000,1.000000,1.000000,1.000000,1.000000,1.000000,1,35,134,178
neuromorpho__B1_slide2_7.swc,pyramidal,367,1.000000,1.000000,1.000000,1.000000,1.000000,1.000000,1,35,246,85
neuromorpho__B1_slide2_neuron2_II_III.swc,pyramidal,806,1.000000,1.000000,1.000000,1.000000,1.000000,1.000000,1,131,266,408
neuromorpho__B1_slide2_neuron3.swc,pyramidal,1053,1.000000,1.000000,1.000000,1.000000,1.000000,1.000000,1,67,496,489
neuromorpho__B1_slide2_neuron5.swc,pyramidal,1025,0.937561,0.649400,1.000000,0.000000,0.948100,1.000000,1,30,619,375
neuromorpho__B1_slide2_neuron5_II_III.swc,pyramidal,942,1.000000,1.000000,1.000000,1.000000,1.000000,1.000000,1,210,248,483
neuromorpho__B1_slide3_12.swc,pyramidal,328,1.000000,1.000000,1.000000,1.000000,1.000000,1.000000,1,23,152,152
neuromorpho__B1_slide3_2.swc,pyramidal,514,0.922179,0.623900,1.000000,0.000000,0.871800,1.000000,1,25,151,337
neuromorpho__B1_slide3_neuron2.swc,pyramidal,562,1.000000,1.000000,1.000000,1.000000,1.000000,1.000000,1,31,274,256
neuromorpho__B1_slide4_2.swc,pyramidal,496,1.000000,1.000000,1.000000,1.000000,1.000000,1.000000,1,22,217,256
neuromorpho__B1_slide4_6.swc,pyramidal,1079,1.000000,1.000000,1.000000,1.000000,1.000000,1.000000,1,6,457,615
neuromorpho__B1_slide4_neuron1.swc,pyramidal,655,0.804580,0.585900,1.000000,0.000000,0.757600,1.000000,1,97,231,326
neuromorpho__B1_slide4_neuron1_II_III.swc,pyramidal,909,1.000000,1.000000,1.000000,1.000000,1.000000,1.000000,1,131,368,409
neuromorpho__B1_slide4_neuron3.swc,pyramidal,421,1.000000,1.000000,1.000000,1.000000,1.000000,1.000000,1,29,252,139
neuromorpho__B2_slide1_7.swc,pyramidal,385,0.994805,0.996300,1.000000,1.000000,0.993400,0.995500,1,11,152,221
neuromorpho__B2_slide2_13.swc,pyramidal,475,1.000000,1.000000,1.000000,1.000000,1.000000,1.000000,1,30,244,200
neuromorpho__B2_slide2_3.swc,pyramidal,317,0.930599,0.639700,1.000000,0.000000,0.919100,1.000000,1,13,134,169
neuromorpho__B2_slide2_4.swc,pyramidal,636,0.830189,0.617400,1.000000,0.000000,0.852100,1.000000,1,81,338,216
neuromorpho__B2_slide2_6.swc,pyramidal,275,1.000000,1.000000,1.000000,1.000000,1.000000,1.000000,1,21,91,162
neuromorpho__B2_slide2_neuron1.swc,pyramidal,291,1.000000,1.000000,1.000000,1.000000,1.000000,1.000000,1,36,120,134
neuromorpho__B2_slide2_neuron3.swc,pyramidal,478,1.000000,1.000000,1.000000,1.000000,1.000000,1.000000,1,40,217,220
neuromorpho__B2_slide3_13.swc,pyramidal,426,0.941315,0.640900,1.000000,0.000000,0.922600,1.000000,1,15,159,251
neuromorpho__B2_slide3_3.swc,pyramidal,485,0.938144,0.639900,1.000000,0.000000,0.919800,1.000000,1,22,180,282
neuromorpho__B2_slide3_neuron1.swc,pyramidal,356,1.000000,1.000000,1.000000,,1.000000,1.000000,1,0,214,141
neuromorpho__B3_slide1_5.swc,pyramidal,849,0.957597,0.650000,1.000000,0.000000,0.949900,1.000000,1,22,355,471
neuromorpho__B3_slide1_8.swc,pyramidal,414,1.000000,1.000000,1.000000,1.000000,1.000000,1.000000,1,15,193,205
neuromorpho__B3_slide1_9.swc,pyramidal,470,0.938298,0.961900,1.000000,,0.923900,1.000000,1,29,176,264
neuromorpho__B3_slide1_neuron3.swc,pyramidal,802,1.000000,1.000000,1.000000,1.000000,1.000000,1.000000,1,38,446,317
neuromorpho__B3_slide1_neuron6.swc,pyramidal,987,0.973658,0.653000,1.000000,0.000000,0.959100,1.000000,1,15,316,655
neuromorpho__B3_slide2_12.swc,pyramidal,1168,1.000000,1.000000,1.000000,1.000000,1.000000,1.000000,1,98,617,452
neuromorpho__B3_slide2_13.swc,pyramidal,375,1.000000,1.000000,1.000000,1.000000,1.000000,1.000000,1,33,118,223
neuromorpho__B3_slide2_2.swc,pyramidal,734,1.000000,1.000000,1.000000,1.000000,1.000000,1.000000,1,17,391,325
neuromorpho__B3_slide2_20.swc,pyramidal,1583,0.935565,0.640300,1.000000,0.000000,0.920900,1.000000,1,0,696,886
neuromorpho__B3_slide2_3.swc,pyramidal,229,1.000000,1.000000,1.000000,1.000000,1.000000,1.000000,1,8,67,153
neuromorpho__B3_slide2_4.swc,pyramidal,474,1.000000,1.000000,1.000000,1.000000,1.000000,1.000000,1,23,265,185
neuromorpho__B3_slide2_neuron5.swc,pyramidal,582,0.996564,0.997600,1.000000,1.000000,0.996600,0.996100,1,28,297,256
neuromorpho__B3_slide3_5.swc,pyramidal,290,0.993103,0.994700,1.000000,1.000000,0.993800,0.990300,1,24,163,102
neuromorpho__B4_Slide2_12.swc,pyramidal,414,1.000000,1.000000,1.000000,1.000000,1.000000,1.000000,1,20,276,117
neuromorpho__B4_slide1_neuron2.swc,pyramidal,300,0.920000,0.951200,1.000000,,0.902400,1.000000,1,24,111,164
neuromorpho__B4_slide2_3.swc,pyramidal,390,1.000000,1.000000,1.000000,1.000000,1.000000,1.000000,1,9,171,209
neuromorpho__B4_slide2_neuron1_II_III.swc,pyramidal,805,1.000000,1.000000,1.000000,1.000000,1.000000,1.000000,1,277,217,310
neuromorpho__B4_slide3_1.swc,pyramidal,619,1.000000,1.000000,1.000000,1.000000,1.000000,1.000000,1,17,275,326
neuromorpho__B4_slide3_14.swc,pyramidal,512,0.974609,0.986400,1.000000,,0.972700,1.000000,1,13,232,266
neuromorpho__B4_slide3_2.swc,pyramidal,396,1.000000,1.000000,1.000000,1.000000,1.000000,1.000000,1,42,205,148
neuromorpho__B4_slide3_20.swc,pyramidal,753,0.895086,0.628800,1.000000,0.000000,0.886300,1.000000,1,55,332,365
neuromorpho__B4_slide3_6.swc,pyramidal,635,0.962205,0.653900,1.000000,0.000000,0.961800,1.000000,1,22,304,308
neuromorpho__B4_slide3_neuron3_II_III.swc,pyramidal,737,1.000000,1.000000,1.000000,1.000000,1.000000,1.000000,1,150,415,171
neuromorpho__B4_slide4_4.swc,pyramidal,240,0.933333,0.649700,1.000000,0.000000,0.949000,1.000000,1,9,156,74
neuromorpho__B4_slide4_7.swc,pyramidal,1049,0.752145,0.573700,1.000000,0.000000,0.721000,1.000000,1,249,347,452
neuromorpho__B4_slide4_8.swc,pyramidal,1285,1.000000,1.000000,1.000000,1.000000,1.000000,1.000000,1,12,510,762
neuromorpho__B4_slide4_neuron1_II_III.swc,pyramidal,996,1.000000,1.000000,1.000000,1.000000,1.000000,1.000000,1,169,394,432
neuromorpho__B4_slide4_neuron3.swc,pyramidal,474,1.000000,1.000000,1.000000,,1.000000,1.000000,1,0,251,222
neuromorpho__B4_slide4_neuron4_II_III.swc,pyramidal,654,0.865443,0.590700,1.000000,0.000000,0.772000,1.000000,1,55,182,416
neuromorpho__B535_NeuronB_Tile_Trace_MK.swc,pyramidal,1127,0.824312,0.891400,1.000000,,0.782900,1.000000,1,198,357,571
neuromorpho__B616_NeuronB_40x_Tile_Trace_RK.swc,pyramidal,653,0.978560,0.985400,1.000000,,0.970800,1.000000,1,14,233,405
neuromorpho__B616_NeuronC_40x_Tile_Trace_RK.swc,pyramidal,582,0.864261,0.927500,1.000000,,0.855000,1.000000,1,79,233,269
neuromorpho__B913_NeuronC_40x_Tile_Trace_MK.swc,pyramidal,1414,0.185997,0.156400,1.000000,,0.312800,0.000000,1,0,1413,0
neuromorpho__B914_NeuronC_40X_Tile_Trace_RK.swc,pyramidal,631,1.000000,1.000000,1.000000,,1.000000,1.000000,1,0,256,374
neuromorpho__B988_NeuronA_40x_Tile_Trace_RK.swc,pyramidal,419,1.000000,1.000000,1.000000,,1.000000,1.000000,1,0,246,172
neuromorpho__B_GFP_0001_final.swc,pyramidal,525,1.000000,1.000000,1.000000,,1.000000,,1,0,524,0
neuromorpho__B_GFP_0012_final.swc,pyramidal,1237,1.000000,1.000000,1.000000,,1.000000,,1,0,1236,0
neuromorpho__B_RFP_0002_2final.swc,pyramidal,729,1.000000,1.000000,1.000000,,1.000000,,1,0,728,0
neuromorpho__B_RFP_0002_final.swc,pyramidal,924,1.000000,1.000000,1.000000,,1.000000,,1,0,923,0
neuromorpho__B_RFP_0003_2final.swc,pyramidal,1146,1.000000,1.000000,1.000000,,1.000000,,1,0,1145,0
neuromorpho__B_RFP_0003_final.swc,pyramidal,917,1.000000,1.000000,1.000000,,1.000000,,1,0,916,0
neuromorpho__B_RFP_0013_final.swc,pyramidal,979,1.000000,1.000000,1.000000,,1.000000,,1,0,978,0
neuromorpho__B_RFP_0016_2final.swc,pyramidal,914,1.000000,1.000000,1.000000,,1.000000,,1,0,913,0
neuromorpho__B_RFP_0021_2final.swc,pyramidal,792,1.000000,1.000000,1.000000,,1.000000,,1,0,791,0
neuromorpho__B_RFP_0022_2final.swc,pyramidal,1056,1.000000,1.000000,1.000000,,1.000000,,1,0,1055,0
neuromorpho__B_RFP_0022_final.swc,pyramidal,612,1.000000,1.000000,1.000000,,1.000000,,1,0,611,0
neuromorpho__C10-2.swc,pyramidal,390,1.000000,1.000000,1.000000,,1.000000,1.000000,1,0,338,51
neuromorpho__C10-22.swc,pyramidal,409,0.709046,0.414600,1.000000,,0.829300,0.000000,1,0,408,0
neuromorpho__C10-28.swc,pyramidal,436,0.334862,0.250000,1.000000,,0.500000,0.000000,1,0,156,279
neuromorpho__C10-29.swc,pyramidal,808,1.000000,1.000000,1.000000,,1.000000,1.000000,1,0,485,322
neuromorpho__C10-33.swc,pyramidal,110,1.000000,1.000000,1.000000,,1.000000,1.000000,1,0,45,64
neuromorpho__C1005-2KO-apical-2.swc,pyramidal,57,0.017544,0.000000,1.000000,,,0.000000,1,34,22,0
neuromorpho__C1005-2KO-whole-5.swc,pyramidal,125,0.624000,0.383100,1.000000,,0.766200,0.000000,1,0,124,0
neuromorpho__C1046-ap1-2.swc,pyramidal,63,1.000000,1.000000,1.000000,,,1.000000,1,0,0,62
neuromorpho__C1054-whole-5-ap1.swc,pyramidal,43,1.000000,1.000000,1.000000,,,1.000000,1,0,0,42
neuromorpho__C2_5.swc,pyramidal,2417,0.095987,0.268800,1.000000,0.000000,0.806300,0.000000,1,2074,342,0
neuromorpho__C4_4.swc,pyramidal,1109,0.444545,0.520200,1.000000,1.000000,0.560600,0.000000,1,99,1009,0
neuromorpho__C912-WT-basal-2.swc,pyramidal,72,0.013889,0.000000,1.000000,,0.000000,,1,71,0,0
neuromorpho__C912-WT-basla-1.swc,pyramidal,89,0.393258,0.557400,1.000000,,0.557400,,1,54,34,0
neuromorpho__C916-WT-M10-whole.swc,pyramidal,170,0.564706,0.359800,1.000000,,0.719700,0.000000,1,0,169,0
neuromorpho__C917DKO-M3-1.swc,pyramidal,162,0.543210,0.350800,1.000000,,0.701600,0.000000,1,15,146,0
neuromorpho__C917DKO-M3-3.swc,pyramidal,186,0.962366,0.985600,1.000000,,0.971200,1.000000,1,7,118,60
neuromorpho__C922-whole2.swc,pyramidal,43,0.744186,0.424700,1.000000,,0.849300,0.000000,1,0,42,0
neuromorpho__C922-whole3.swc,pyramidal,80,1.000000,1.000000,1.000000,,1.000000,1.000000,1,0,45,34
neuromorpho__C992-whole-2.swc,pyramidal,136,0.713235,0.500000,1.000000,,1.000000,0.000000,1,39,96,0
neuromorpho__CA1_slide2_neuron2.swc,pyramidal,1861,0.931757,0.649300,1.000000,0.000000,0.947800,1.000000,1,102,1177,581
neuromorpho__CA1_slide2_neuron5.swc,pyramidal,761,0.394218,0.306200,1.000000,0.000000,0.918600,0.000000,1,408,352,0
neuromorpho__CA3_slide2_neuron4.swc,pyramidal,1536,1.000000,1.000000,1.000000,1.000000,1.000000,1.000000,1,34,732,769
neuromorpho__CA3_slide2_neuron5.swc,pyramidal,1463,0.921394,0.633900,1.000000,0.000000,0.901800,1.000000,1,97,546,819
neuromorpho__CA4_slide3_neuron2.swc,pyramidal,937,1.000000,1.000000,1.000000,1.000000,1.000000,1.000000,1,58,425,453
neuromorpho__CSp0302-7.swc,pyramidal,15350,1.000000,1.000000,1.000000,,1.000000,1.000000,1,0,7604,7745
neuromorpho__C_DAPI_0009_final.swc,pyramidal,1929,1.000000,1.000000,1.000000,,1.000000,,1,0,1928,0
neuromorpho__C_RFP_0004_final.swc,pyramidal,662,1.000000,1.000000,1.000000,,1.000000,,1,0,661,0
neuromorpho__C_RFP_0005_final.swc,pyramidal,848,1.000000,1.000000,1.000000,,1.000000,,1,0,847,0
neuromorpho__C_RFP_0008_final.swc,pyramidal,1167,1.000000,1.000000,1.000000,,1.000000,,1,0,1166,0
neuromorpho__Cell-1-2_6.swc,pyramidal,164,1.000000,1.000000,1.000000,,1.000000,,1,0,163,0
neuromorpho__Cell-1-2_8.swc,pyramidal,369,1.000000,1.000000,1.000000,,1.000000,,1,0,368,0
neuromorpho__Cell-10-2_2.swc,pyramidal,258,1.000000,1.000000,1.000000,,1.000000,,1,0,257,0
neuromorpho__Cell-10-3_3.swc,pyramidal,219,1.000000,1.000000,1.000000,1.000000,1.000000,,1,171,47,0
neuromorpho__Cell-10_2.swc,pyramidal,198,1.000000,1.000000,1.000000,,1.000000,,1,0,197,0
neuromorpho__Cell-10_5.swc,pyramidal,240,1.000000,1.000000,1.000000,,1.000000,,1,0,239,0
neuromorpho__Cell-11-2_1.swc,pyramidal,315,1.000000,1.000000,1.000000,,1.000000,,1,0,314,0
neuromorpho__Cell-11-2_3.swc,pyramidal,192,1.000000,1.000000,1.000000,,1.000000,,1,0,191,0
neuromorpho__Cell-11_3.swc,pyramidal,184,1.000000,1.000000,1.000000,,1.000000,,1,0,183,0
neuromorpho__Cell-12-2.swc,pyramidal,297,1.000000,1.000000,1.000000,,1.000000,,1,0,296,0
neuromorpho__Cell-12-3.swc,pyramidal,200,1.000000,1.000000,1.000000,,1.000000,,1,0,199,0
neuromorpho__Cell-12-3_1.swc,pyramidal,261,1.000000,1.000000,1.000000,,1.000000,,1,0,260,0
neuromorpho__Cell-12_7.swc,pyramidal,355,1.000000,1.000000,1.000000,1.000000,1.000000,,1,293,61,0
neuromorpho__Cell-13-2_4.swc,pyramidal,312,1.000000,1.000000,1.000000,1.000000,1.000000,,1,241,70,0
neuromorpho__Cell-13-3_1.swc,pyramidal,374,1.000000,1.000000,1.000000,,1.000000,,1,0,373,0
neuromorpho__Cell-13_6.swc,pyramidal,292,1.000000,1.000000,1.000000,1.000000,1.000000,,1,239,52,0
neuromorpho__Cell-14-2.swc,pyramidal,160,1.000000,1.000000,1.000000,,1.000000,,1,0,159,0
neuromorpho__Cell-14-2_2.swc,pyramidal,119,1.000000,1.000000,1.000000,,1.000000,,1,0,118,0
neuromorpho__Cell-14-3_1.swc,pyramidal,158,1.000000,1.000000,1.000000,,1.000000,,1,0,157,0
neuromorpho__Cell-14-4.swc,pyramidal,117,1.000000,1.000000,1.000000,,1.000000,,1,0,116,0
neuromorpho__Cell-14_3.swc,pyramidal,119,1.000000,1.000000,1.000000,,1.000000,,1,0,118,0
neuromorpho__Cell-15-2_1.swc,pyramidal,234,1.000000,1.000000,1.000000,,1.000000,,1,0,233,0
neuromorpho__Cell-15_3.swc,pyramidal,143,1.000000,1.000000,1.000000,,1.000000,,1,0,142,0
neuromorpho__Cell-16-2_1.swc,pyramidal,382,1.000000,1.000000,1.000000,,1.000000,,1,0,381,0
neuromorpho__Cell-16-3.swc,pyramidal,251,1.000000,1.000000,1.000000,,1.000000,,1,0,250,0
neuromorpho__Cell-16-4.swc,pyramidal,220,0.495455,0.660600,1.000000,,0.660600,,1,111,108,0
neuromorpho__Cell-2-3_2.swc,pyramidal,255,1.000000,1.000000,1.000000,,1.000000,,1,0,254,0
neuromorpho__Cell-2-3_3.swc,pyramidal,206,1.000000,1.000000,1.000000,,1.000000,,1,0,205,0
neuromorpho__Cell-2-3_5.swc,pyramidal,171,1.000000,1.000000,1.000000,1.000000,1.000000,,1,131,39,0
neuromorpho__Cell-2-4_3.swc,pyramidal,213,1.000000,1.000000,1.000000,1.000000,1.000000,,1,177,35,0
neuromorpho__Cell-2_14.swc,pyramidal,132,1.000000,1.000000,1.000000,1.000000,1.000000,,1,72,59,0
neuromorpho__Cell-3-2_5.swc,pyramidal,154,1.000000,1.000000,1.000000,,1.000000,,1,0,153,0
neuromorpho__Cell-3-3_5.swc,pyramidal,363,1.000000,1.000000,1.000000,1.000000,1.000000,,1,299,63,0
neuromorpho__Cell-3_12.swc,pyramidal,171,1.000000,1.000000,1.000000,,1.000000,,1,0,170,0
neuromorpho__Cell-4-2_10.swc,pyramidal,298,1.000000,1.000000,1.000000,1.000000,1.000000,,1,217,80,0
neuromorpho__Cell-4-3_2.swc,pyramidal,92,1.000000,1.000000,1.000000,,1.000000,,1,0,91,0
neuromorpho__Cell-4-5_1.swc,pyramidal,233,1.000000,1.000000,1.000000,,1.000000,,1,0,232,0
neuromorpho__Cell-4_14.swc,pyramidal,296,1.000000,1.000000,1.000000,1.000000,1.000000,,1,250,45,0
neuromorpho__Cell-6-3_2.swc,pyramidal,114,1.000000,1.000000,1.000000,,1.000000,,1,0,113,0
neuromorpho__Cell-6_7.swc,pyramidal,200,1.000000,1.000000,1.000000,,1.000000,,1,0,199,0
neuromorpho__Cell-6_8.swc,pyramidal,238,1.000000,1.000000,1.000000,,1.000000,,1,0,237,0
neuromorpho__Cell-7-2_6.swc,pyramidal,163,1.000000,1.000000,1.000000,1.000000,1.000000,,1,111,51,0
neuromorpho__Cell-7-2_7.swc,pyramidal,123,1.000000,1.000000,1.000000,1.000000,1.000000,,1,85,37,0
neuromorpho__Cell-7-4.swc,pyramidal,173,0.473988,0.640300,1.000000,,0.640300,,1,91,81,0
neuromorpho__Cell-8-2.swc,pyramidal,190,1.000000,1.000000,1.000000,,1.000000,,1,0,189,0
neuromorpho__Cell-8-5.swc,pyramidal,211,1.000000,1.000000,1.000000,,1.000000,,1,0,210,0
neuromorpho__Cell-9-2.swc,pyramidal,94,1.000000,1.000000,1.000000,,1.000000,,1,0,93,0
neuromorpho__Cell-9-2_3.swc,pyramidal,368,1.000000,1.000000,1.000000,,1.000000,,1,0,367,0
neuromorpho__Cell-9_3.swc,pyramidal,156,1.000000,1.000000,1.000000,,1.000000,,1,0,155,0
neuromorpho__Cell-9_7.swc,pyramidal,324,1.000000,1.000000,1.000000,1.000000,1.000000,,1,261,62,0
neuromorpho__Dec4IR3b-20x-NL.swc,pyramidal,7343,1.000000,1.000000,1.000000,,1.000000,1.000000,1,0,5321,2021
neuromorpho__EDF2_D4-Fresh-Hippo-2-EDF_crop-4.swc,pyramidal,728,1.000000,1.000000,1.000000,,1.000000,,1,0,727,0
neuromorpho__EDF2_D4-Fresh-Hippo-2-EDF_crop.swc,pyramidal,891,1.000000,1.000000,1.000000,,1.000000,,1,0,890,0
neuromorpho__EDF3_D4-Fresh-Hippo-3-EDF_crop-8.swc,pyramidal,769,1.000000,1.000000,1.000000,,1.000000,,1,0,768,0
neuromorpho__EDF3_D4-Fresh-Hippo-3-EDF_crop.swc,pyramidal,891,1.000000,1.000000,1.000000,,1.000000,,1,0,890,0
neuromorpho__Epi3cell2_sc.swc,pyramidal,5234,0.788498,0.619800,1.000000,1.000000,0.859300,0.000000,1,746,4424,63
neuromorpho__Exp_V1B-L23_cell1.swc,pyramidal,617,0.643436,0.782600,1.000000,,0.782600,,1,0,396,220
neuromorpho__Exp_V1B-L5_cell11.swc,pyramidal,516,1.000000,1.000000,1.000000,,1.000000,,1,0,515,0
neuromorpho__Exp_V1B-L5_cell4.swc,pyramidal,1198,0.390651,0.561300,1.000000,,0.561300,,1,730,467,0
neuromorpho__Exp_V1B-L5_cell5.swc,pyramidal,1094,0.437843,0.608500,1.000000,,0.608500,,1,615,478,0
neuromorpho__Feb23-IR1-1G.swc,pyramidal,1142,1.000000,1.000000,1.000000,,1.000000,1.000000,1,0,660,481
neuromorpho__Fig5a_4cell.swc,pyramidal,1857,0.415186,0.500000,1.000000,,1.000000,0.000000,1,1086,770,0
neuromorpho__Fig5a_7cell.swc,pyramidal,3457,1.000000,1.000000,1.000000,,1.000000,1.000000,1,0,1700,1756
neuromorpho__Fig5c_141009_2og_B.swc,pyramidal,7226,1.000000,1.000000,1.000000,1.000000,1.000000,1.000000,1,4030,1767,1428
neuromorpho__Fig6b_1610052mg_B.swc,pyramidal,6474,1.000000,1.000000,1.000000,,1.000000,1.000000,1,0,2858,3615
neuromorpho__Fresh-2-1-more.swc,pyramidal,1883,1.000000,1.000000,1.000000,,1.000000,,1,0,1882,0
neuromorpho__Fresh-2-1.swc,pyramidal,5979,1.000000,1.000000,1.000000,,1.000000,,1,0,5978,0
neuromorpho__Fresh-2-2.swc,pyramidal,3304,1.000000,1.000000,1.000000,,1.000000,,1,0,3303,0
neuromorpho__Fresh-2-3.swc,pyramidal,5404,1.000000,1.000000,1.000000,,1.000000,,1,0,5403,0
neuromorpho__Fresh-3-1.swc,pyramidal,5612,1.000000,1.000000,1.000000,,1.000000,,1,0,5611,0
neuromorpho__Fresh-4-1.swc,pyramidal,3510,1.000000,1.000000,1.000000,,1.000000,,1,0,3509,0
neuromorpho__Fresh-5-1.swc,pyramidal,7307,1.000000,1.000000,1.000000,,1.000000,,1,0,7306,0
neuromorpho__Fresh-6-1.swc,pyramidal,3977,1.000000,1.000000,1.000000,,1.000000,,1,0,3976,0
neuromorpho__Fresh-D4-Phall-Tau-Map2-13.swc,pyramidal,740,1.000000,1.000000,1.000000,,1.000000,,1,0,739,0
neuromorpho__Fresh-D4-Phall-Tau-Map2-9.swc,pyramidal,2829,1.000000,1.000000,1.000000,,1.000000,,1,0,2828,0
neuromorpho__Fresh-D4-Phall-Tau-Map2001-4.swc,pyramidal,779,1.000000,1.000000,1.000000,,1.000000,,1,0,778,0
neuromorpho__Fresh-D4-Phall-Tau-Map2001-8.swc,pyramidal,1537,1.000000,1.000000,1.000000,,1.000000,,1,0,1536,0
neuromorpho__Fresh-D4-Phall-Tau-Map2001-9.swc,pyramidal,752,0.533245,0.695000,1.000000,,0.695000,,1,351,400,0
neuromorpho__Fresh-D4-Phall-Tau-Map2002-16.swc,pyramidal,2252,1.000000,1.000000,1.000000,,1.000000,,1,0,2251,0
neuromorpho__Fresh-D4-Phall-Tau-Map2002-2.swc,pyramidal,2454,1.000000,1.000000,1.000000,,1.000000,,1,0,2453,0
neuromorpho__Fresh-D4-Phall-Tau-Map2003-10.swc,pyramidal,676,1.000000,1.000000,1.000000,,1.000000,,1,0,675,0
neuromorpho__Fresh-D4-Phall-Tau-Map2003-11.swc,pyramidal,1154,1.000000,1.000000,1.000000,,1.000000,,1,0,1153,0
neuromorpho__Fresh-D4-Phall-Tau-Map2003-13.swc,pyramidal,1415,1.000000,1.000000,1.000000,,1.000000,,1,0,1414,0
neuromorpho__Fresh-D4-Phall-Tau-Map2003-17.swc,pyramidal,489,1.000000,1.000000,1.000000,,1.000000,,1,0,488,0
neuromorpho__Fresh-D4-Phall-Tau-Map2003-18.swc,pyramidal,3176,1.000000,1.000000,1.000000,,1.000000,,1,0,3175,0
neuromorpho__Fresh-D4-Phall-Tau-Map2003-3.swc,pyramidal,1489,1.000000,1.000000,1.000000,,1.000000,,1,0,1488,0
neuromorpho__Fresh-D4-Phall-Tau-Map2003-5.swc,pyramidal,1906,1.000000,1.000000,1.000000,,1.000000,,1,0,1905,0
neuromorpho__Fresh-D4-Phall-Tau-Map2004-10.swc,pyramidal,2358,1.000000,1.000000,1.000000,,1.000000,,1,0,2357,0
neuromorpho__Fresh-D4-Phall-Tau-Map2004-12.swc,pyramidal,995,1.000000,1.000000,1.000000,,1.000000,,1,0,994,0
neuromorpho__Fresh-D4-Phall-Tau-Map2004-6.swc,pyramidal,777,1.000000,1.000000,1.000000,,1.000000,,1,0,776,0
neuromorpho__Fresh-D4-Phall-Tau-Map2004-9.swc,pyramidal,1688,1.000000,1.000000,1.000000,,1.000000,,1,0,1687,0
neuromorpho__Fresh-D4-Phall-Tau-Map2005-4.swc,pyramidal,875,1.000000,1.000000,1.000000,,1.000000,,1,0,874,0
neuromorpho__Fresh-D4-Phall-Tau-Map2009-4.swc,pyramidal,1675,1.000000,1.000000,1.000000,,1.000000,,1,0,1674,0
neuromorpho__Fresh-D4-Phall-Tau-Map2009-5.swc,pyramidal,925,1.000000,1.000000,1.000000,,1.000000,,1,0,924,0
neuromorpho__Fresh-D4-Sholl-Exp-3002-7.swc,pyramidal,503,1.000000,1.000000,1.000000,,1.000000,,1,0,502,0
neuromorpho__Fresh-D4-Sholl-Exp-3003-9.swc,pyramidal,1203,1.000000,1.000000,1.000000,,1.000000,,1,0,1202,0
neuromorpho__Fresh-D4-Sholl-Exp-3004-1.swc,pyramidal,1090,1.000000,1.000000,1.000000,,1.000000,,1,0,1089,0
neuromorpho__Fresh-D4-Sholl-Exp-3004-6.swc,pyramidal,494,1.000000,1.000000,1.000000,,1.000000,,1,0,493,0
neuromorpho__Fresh-D4-Sholl-Exp-3005-4.swc,pyramidal,1972,1.000000,1.000000,1.000000,,1.000000,,1,0,1971,0
neuromorpho__Fresh-D4-Sholl-Exp-3007-3.swc,pyramidal,932,1.000000,1.000000,1.000000,,1.000000,,1,0,931,0
neuromorpho__Fresh-D7-Sholl-Tau-RFP-MAP2001-2.swc,pyramidal,1550,1.000000,1.000000,1.000000,,1.000000,,1,0,1549,0
neuromorpho__Fresh-D7-Sholl-Tau-RFP-MAP2001-8.swc,pyramidal,1725,1.000000,1.000000,1.000000,,1.000000,,1,0,1724,0
neuromorpho__Fresh-D7-Sholl-Tau-RFP-MAP2006_crop-2.swc,pyramidal,1662,1.000000,1.000000,1.000000,,1.000000,,1,0,1661,0
neuromorpho__Fresh-D7-Sholl-Tau-RFP-MAP2006_crop-4.swc,pyramidal,1858,1.000000,1.000000,1.000000,,1.000000,,1,0,1857,0
neuromorpho__Fresh-D7-Sholl-Tau-RFP-MAP2007_crop-2.swc,pyramidal,3406,1.000000,1.000000,1.000000,,1.000000,,1,0,3405,0
neuromorpho__Fresh-D7-Sholl-Tau-RFP-MAP2007_crop-4.swc,pyramidal,1938,1.000000,1.000000,1.000000,,1.000000,,1,0,1937,0
neuromorpho__Fresh-D7-Sholl-Tau-RFP-MAP2010_crop-2.swc,pyramidal,1606,1.000000,1.000000,1.000000,,1.000000,,1,0,1605,0
neuromorpho__Fresh-D7-Sholl-Tau-RFP-MAP2010_crop-3.swc,pyramidal,2468,1.000000,1.000000,1.000000,,1.000000,,1,0,2467,0
neuromorpho__Fresh-D7-Sholl-Tau-RFP-MAP2010_crop.swc,pyramidal,564,1.000000,1.000000,1.000000,,1.000000,,1,0,563,0
neuromorpho__Fresh-D7-Sholl-Tau-RFP-MAP2011_crop-2.swc,pyramidal,1142,1.000000,1.000000,1.000000,,1.000000,,1,0,1141,0
neuromorpho__Fresh-D7-Sholl-Tau-RFP-MAP2012_crop-1.swc,pyramidal,2369,1.000000,1.000000,1.000000,,1.000000,,1,0,2368,0
neuromorpho__Fresh-D7-Sholl-Tau-RFP-MAP2012_crop-3.swc,pyramidal,3413,1.000000,1.000000,1.000000,,1.000000,,1,0,3412,0
neuromorpho__Fresh-D7-Sholl-Tau-RFP-MAP2014_crop-1.swc,pyramidal,2350,1.000000,1.000000,1.000000,,1.000000,,1,0,2349,0
neuromorpho__Fresh-D7-Sholl-Tau-RFP-MAP2015_crop-2.swc,pyramidal,2617,1.000000,1.000000,1.000000,,1.000000,,1,0,2616,0
neuromorpho__Fresh-Sholl-2-D7-Tau-LA-Map2004_crop.swc,pyramidal,2596,1.000000,1.000000,1.000000,,1.000000,,1,0,2595,0
neuromorpho__Fresh-Sholl-2-D7-Tau-LA-Map2006_crop.swc,pyramidal,3045,1.000000,1.000000,1.000000,,1.000000,,1,0,3044,0
neuromorpho__Fresh-Sholl-2-D7-Tau-LA-Map2011_crop-1.swc,pyramidal,1723,1.000000,1.000000,1.000000,,1.000000,,1,0,1722,0
neuromorpho__G7-1.swc,pyramidal,793,1.000000,1.000000,1.000000,,1.000000,1.000000,1,0,584,208
neuromorpho__G7-15.swc,pyramidal,429,0.969697,0.988500,1.000000,,0.977000,1.000000,1,13,276,139
neuromorpho__G7-18.swc,pyramidal,257,1.000000,1.000000,1.000000,,1.000000,1.000000,1,0,183,73
neuromorpho__G7-20.swc,pyramidal,211,1.000000,1.000000,1.000000,,1.000000,1.000000,1,0,98,112
neuromorpho__G7-21.swc,pyramidal,472,1.000000,1.000000,1.000000,,1.000000,1.000000,1,0,292,179
neuromorpho__G7-3.swc,pyramidal,557,1.000000,1.000000,1.000000,,1.000000,1.000000,1,0,289,267
neuromorpho__G7-7.swc,pyramidal,1425,0.865965,0.921500,1.000000,,0.843100,1.000000,1,191,513,720
neuromorpho__Green_2w_Neuron7_add'l.swc,pyramidal,22,0.727273,0.833300,1.000000,,0.833300,,1,6,15,0
neuromorpho__Green_4weeks_Neuron1.swc,pyramidal,137,0.372263,0.537600,1.000000,,0.537600,,1,86,50,0
neuromorpho__Green_4weeks_Neuron11.swc,pyramidal,51,0.098039,0.148100,1.000000,,0.148100,,1,46,4,0
neuromorpho__Green_4weeks_Neuron14.swc,pyramidal,36,1.000000,1.000000,1.000000,,1.000000,,1,0,35,0
neuromorpho__Green_4weeks_Neuron7.swc,pyramidal,73,0.643836,0.779700,1.000000,,0.779700,,1,26,46,0
neuromorpho__Green_4weeks_Neuron7_addl.swc,pyramidal,47,1.000000,1.000000,1.000000,,1.000000,,1,0,46,0
neuromorpho__Green_4weeks_Neuron8.swc,pyramidal,74,0.013514,0.000000,1.000000,,0.000000,,1,73,0,0
neuromorpho__Green_6Weeks__Neuron1.swc,pyramidal,60,0.416667,0.578300,1.000000,,0.578300,,1,35,24,0
neuromorpho__Green_7-5weeks_Neuron2.swc,pyramidal,57,1.000000,1.000000,1.000000,,1.000000,,1,0,56,0
neuromorpho__Gunnersen_A10b3slice5LHS.swc,pyramidal,808,1.000000,1.000000,1.000000,,1.000000,,1,0,807,0
neuromorpho__Gunnersen_A11b3slice1LHS.swc,pyramidal,718,0.720056,0.837000,1.000000,,0.837000,,1,201,516,0
neuromorpho__Gunnersen_A12b3slice1LHS.swc,pyramidal,996,0.385542,0.555900,1.000000,,0.555900,,1,612,383,0
neuromorpho__Gunnersen_A21b6slice1RHS.swc,pyramidal,488,1.000000,1.000000,1.000000,,1.000000,,1,0,487,0
neuromorpho__Gunnersen_A29b2slice3LHS.swc,pyramidal,322,1.000000,1.000000,1.000000,,1.000000,,1,0,321,0
neuromorpho__Gunnersen_B11b3slice4RHS.swc,pyramidal,891,0.581369,0.734900,1.000000,,0.734900,,1,373,517,0
neuromorpho__Gunnersen_B12b3slice2RHS.swc,pyramidal,706,1.000000,1.000000,1.000000,,1.000000,,1,0,705,0
neuromorpho__Gunnersen_B17b5slice2RHS.swc,pyramidal,725,0.960000,0.979600,1.000000,,0.979600,,1,29,695,0
neuromorpho__Gunnersen_B18b5slice1LHS.swc,pyramidal,1442,1.000000,1.000000,1.000000,,1.000000,,1,0,1441,0
neuromorpho__Gunnersen_B4b1slice1RHS.swc,pyramidal,678,1.000000,1.000000,1.000000,,1.000000,,1,0,677,0
neuromorpho__HIP_CA1_KO_1.swc,pyramidal,716,0.506983,0.672200,1.000000,,0.672200,,1,353,362,0
neuromorpho__HIP_CA1_KO_15.swc,pyramidal,622,0.559486,0.716900,1.000000,,0.716900,,1,274,347,0
neuromorpho__HIP_CA1_KO_18.swc,pyramidal,480,1.000000,1.000000,1.000000,,1.000000,,1,0,479,0
neuromorpho__HIP_CA1_KO_19.swc,pyramidal,624,0.415064,0.585700,1.000000,,0.585700,,1,0,258,365
neuromorpho__HIP_CA1_KO_20.swc,pyramidal,538,0.459108,0.628400,1.000000,,0.628400,,1,291,246,0
neuromorpho__HIP_CA1_KO_22.swc,pyramidal,223,0.565022,0.720500,1.000000,,0.720500,,1,97,125,0
neuromorpho__HIP_CA1_WT_2.swc,pyramidal,457,0.378556,0.547800,1.000000,,0.547800,,1,0,172,284
neuromorpho__HIP_CA1_WT_6.swc,pyramidal,349,1.000000,1.000000,1.000000,,1.000000,,1,0,348,0
neuromorpho__HIV-tg_Neuron2.swc,pyramidal,3244,0.758940,0.930800,1.000000,1.000000,0.861500,,1,28,2433,782
neuromorpho__HIV-tg_Neuron3.swc,pyramidal,2877,1.000000,1.000000,1.000000,1.000000,1.000000,,1,22,2854,0
neuromorpho__I03472.swc,pyramidal,2505,1.000000,1.000000,1.000000,1.000000,1.000000,1.000000,1,2109,216,179
neuromorpho__I03541.swc,pyramidal,1535,1.000000,1.000000,1.000000,1.000000,1.000000,1.000000,1,811,406,317
neuromorpho__I03564.swc,pyramidal,2667,1.000000,1.000000,1.000000,1.000000,1.000000,1.000000,1,1312,738,616
neuromorpho__I5-18.swc,pyramidal,282,0.907801,0.908500,1.000000,,0.816900,1.000000,1,26,58,197
neuromorpho__I5-19.swc,pyramidal,284,0.644366,0.260900,1.000000,0.000000,0.782800,0.000000,1,29,254,0
neuromorpho__I5-28.swc,pyramidal,371,1.000000,1.000000,1.000000,,1.000000,1.000000,1,0,259,111
neuromorpho__I5-6.swc,pyramidal,296,0.253378,0.200500,1.000000,,0.401100,0.000000,1,128,167,0
neuromorpho__I5-8.swc,pyramidal,523,1.000000,1.000000,1.000000,,1.000000,1.000000,1,0,319,203
neuromorpho__IF1_190301.swc,pyramidal,6044,0.939444,0.557500,1.000000,1.000000,0.672600,0.000000,1,5301,742,0
neuromorpho__IF3_040400.swc,pyramidal,4893,1.000000,1.000000,1.000000,1.000000,1.000000,1.000000,1,3997,494,401
neuromorpho__IF4_140201.swc,pyramidal,4693,0.947155,0.623100,1.000000,1.000000,0.869300,0.000000,1,3619,1073,0
neuromorpho__JUl26-IR3-3fo.swc,pyramidal,4432,1.000000,1.000000,1.000000,,1.000000,1.000000,1,0,1579,2852
neuromorpho__Jul26-IR2-2F.swc,pyramidal,889,1.000000,1.000000,1.000000,,1.000000,1.000000,1,0,550,338
neuromorpho__Jul26-IR2-2H.swc,pyramidal,1889,1.000000,1.000000,1.000000,,1.000000,1.000000,1,0,267,1621
neuromorpho__Jul26-IR2-2I.swc,pyramidal,2850,1.000000,1.000000,1.000000,,1.000000,1.000000,1,0,361,2488
neuromorpho__Jul26-IR2-2fo.swc,pyramidal,717,0.976290,0.991500,1.000000,,0.982900,1.000000,1,17,489,210
neuromorpho__Jun1IR2c-tgv.swc,pyramidal,1817,0.719318,0.500000,1.000000,,1.000000,0.000000,1,510,1306,0
neuromorpho__Jun1IR2h.swc,pyramidal,1972,0.998986,0.999500,1.000000,,0.999100,1.000000,1,2,1073,896
neuromorpho__KO1-4-2-6.swc,pyramidal,322,1.000000,1.000000,1.000000,1.000000,1.000000,1.000000,1,65,100,156
neuromorpho__KO1-4-3-9.swc,pyramidal,247,0.801619,0.605500,1.000000,0.000000,0.816500,1.000000,1,0,158,88
neuromorpho__KO1-Neuron10.swc,pyramidal,74,1.000000,1.000000,1.000000,1.000000,1.000000,,1,31,42,0
neuromorpho__KO1-Neuron4.swc,pyramidal,41,1.000000,1.000000,1.000000,1.000000,1.000000,,1,26,14,0
neuromorpho__KO1-Neuron5.swc,pyramidal,65,0.661538,0.500000,1.000000,1.000000,,0.000000,1,42,22,0
neuromorpho__KO1-Neuron7.swc,pyramidal,50,0.020000,0.000000,1.000000,0.000000,,0.000000,1,25,24,0
neuromorpho__KO4-4-5-1.swc,pyramidal,590,0.986441,0.663000,1.000000,0.000000,0.988900,1.000000,1,0,365,224
neuromorpho__KO4-4-8-5.swc,pyramidal,482,0.684647,0.270800,1.000000,0.000000,0.812300,0.000000,1,7,474,0
neuromorpho__KO4-Neuron4.swc,pyramidal,58,1.000000,1.000000,1.000000,1.000000,1.000000,,1,38,19,0
neuromorpho__KO4-Neuron6.swc,pyramidal,35,0.342857,0.244400,1.000000,0.000000,0.488900,,1,14,20,0
neuromorpho__KO5-Neuron4.swc,pyramidal,45,0.244444,0.185200,1.000000,0.000000,0.370400,,1,18,26,0
neuromorpho__KO5-Neuron5.swc,pyramidal,38,1.000000,1.000000,1.000000,1.000000,,,1,37,0,0
neuromorpho__KO5-Neuron7.swc,pyramidal,47,1.000000,1.000000,1.000000,1.000000,1.000000,,1,35,11,0
neuromorpho__KW20180701_Pair2_pre.swc,pyramidal,4917,1.000000,1.000000,1.000000,1.000000,1.000000,1.000000,1,3363,749,804
neuromorpho__KW20180711_Pair5_pre.swc,pyramidal,4249,1.000000,1.000000,1.000000,1.000000,1.000000,1.000000,1,2230,908,1110
neuromorpho__KW20180712_Pair8_post.swc,pyramidal,5432,1.000000,1.000000,1.000000,1.000000,1.000000,1.000000,1,2593,1593,1245
neuromorpho__LES6-WT-1187-Neuron-3.swc,pyramidal,553,1.000000,1.000000,1.000000,,1.000000,1.000000,1,0,252,300
neuromorpho__LES6-WT-1204-Neuron-2.swc,pyramidal,859,0.962747,0.977200,1.000000,,0.954400,1.000000,1,32,335,491
neuromorpho__LES6-mut-1195-neuron-2.swc,pyramidal,407,0.582310,0.367600,1.000000,,0.735200,0.000000,1,12,394,0
neuromorpho__Layer-2-3-Ethanol-18.swc,pyramidal,207,1.000000,1.000000,1.000000,,1.000000,1.000000,1,0,87,119
neuromorpho__Layer-2-3-Ethanol-23.swc,pyramidal,183,0.934426,0.966700,1.000000,,0.933300,1.000000,1,12,84,86
neuromorpho__Layer-2-3-Ethanol-24.swc,pyramidal,317,1.000000,1.000000,1.000000,,1.000000,1.000000,1,0,120,196
neuromorpho__Layer-2-3-Ethanol-25.swc,pyramidal,494,1.000000,1.000000,1.000000,,1.000000,1.000000,1,0,369,124
neuromorpho__Layer-2-3-Ethanol-27.swc,pyramidal,243,1.000000,1.000000,1.000000,,1.000000,1.000000,1,0,141,101
neuromorpho__Layer-2-3-Sucrose-10.swc,pyramidal,477,0.893082,0.939700,1.000000,,0.879400,1.000000,1,51,186,239
neuromorpho__Layer-2-3-Sucrose-11.swc,pyramidal,346,1.000000,1.000000,1.000000,,1.000000,1.000000,1,0,222,123
neuromorpho__Layer-2-3-Sucrose-4.swc,pyramidal,157,1.000000,1.000000,1.000000,,1.000000,1.000000,1,0,97,59
neuromorpho__Layer-2-3-Sucrose-6.swc,pyramidal,168,1.000000,1.000000,1.000000,,1.000000,1.000000,1,0,118,49
neuromorpho__Layer-2-3-Sucrose-8.swc,pyramidal,252,1.000000,1.000000,1.000000,,1.000000,1.000000,1,0,209,42
neuromorpho__Layer-5-Ethanol-2.swc,pyramidal,785,1.000000,1.000000,1.000000,,1.000000,1.000000,1,0,422,362
neuromorpho__Layer-5-Ethanol-8.swc,pyramidal,872,1.000000,1.000000,1.000000,,1.000000,1.000000,1,0,265,606
neuromorpho__Layer-5-Ethanol-9.swc,pyramidal,211,1.000000,1.000000,1.000000,,1.000000,1.000000,1,0,153,57
neuromorpho__Layer-5-Sucrose-3.swc,pyramidal,317,0.936909,0.958700,1.000000,,0.917400,1.000000,1,20,111,185
neuromorpho__Layer-5-Sucrose-4.swc,pyramidal,508,1.000000,1.000000,1.000000,,1.000000,1.000000,1,0,304,203
neuromorpho__Layer-5-Sucrose-6.swc,pyramidal,326,0.975460,0.988000,1.000000,,0.975900,1.000000,1,8,162,155
neuromorpho__Layer-6-Ethanol-12.swc,pyramidal,303,0.587459,0.500000,1.000000,,1.000000,0.000000,1,125,177,0
neuromorpho__Layer-6-Ethanol-13.swc,pyramidal,289,0.951557,0.980300,1.000000,,0.960700,1.000000,1,14,171,103
neuromorpho__Layer-6-Ethanol-19.swc,pyramidal,187,1.000000,1.000000,1.000000,,1.000000,1.000000,1,0,87,99
neuromorpho__Layer-6-Ethanol-20.swc,pyramidal,223,1.000000,1.000000,1.000000,,1.000000,1.000000,1,0,86,136
neuromorpho__Layer-6-Ethanol-5.swc,pyramidal,351,1.000000,1.000000,1.000000,,1.000000,1.000000,1,0,209,141
neuromorpho__Layer-6-Ethanol-6.swc,pyramidal,214,0.686916,0.406700,1.000000,,0.813400,0.000000,1,0,213,0
neuromorpho__Layer-6-Sucrose-11.swc,pyramidal,466,0.982833,0.989400,1.000000,,0.978700,1.000000,1,8,184,273
neuromorpho__Layer-6-Sucrose-12.swc,pyramidal,200,1.000000,1.000000,1.000000,,1.000000,1.000000,1,0,125,74
neuromorpho__Layer-6-Sucrose-2.swc,pyramidal,433,1.000000,1.000000,1.000000,,1.000000,1.000000,1,0,174,258
neuromorpho__M1KO_1.swc,pyramidal,1128,1.000000,1.000000,1.000000,,1.000000,,1,0,1127,0
neuromorpho__M1KO_10.swc,pyramidal,715,1.000000,1.000000,1.000000,,1.000000,,1,0,714,0
neuromorpho__M1KO_22.swc,pyramidal,425,1.000000,1.000000,1.000000,,1.000000,,1,0,424,0
neuromorpho__M1KO_23.swc,pyramidal,2571,1.000000,1.000000,1.000000,,1.000000,,1,0,2570,0
neuromorpho__M1KO_24.swc,pyramidal,2512,1.000000,1.000000,1.000000,,1.000000,,1,0,2511,0
neuromorpho__M1KO_33.swc,pyramidal,2271,1.000000,1.000000,1.000000,,1.000000,,1,0,2270,0
neuromorpho__M1KO_37.swc,pyramidal,658,0.787234,0.880700,1.000000,,0.880700,,1,140,517,0
neuromorpho__M1KO_4.swc,pyramidal,760,1.000000,1.000000,1.000000,,1.000000,,1,0,759,0
neuromorpho__M1KO_41.swc,pyramidal,624,1.000000,1.000000,1.000000,,1.000000,,1,0,623,0
neuromorpho__M1KO_46.swc,pyramidal,428,1.000000,1.000000,1.000000,,1.000000,,1,0,427,0
neuromorpho__M1KO_5.swc,pyramidal,967,1.000000,1.000000,1.000000,,1.000000,,1,0,966,0
neuromorpho__M1KO_9.swc,pyramidal,844,1.000000,1.000000,1.000000,,1.000000,,1,0,843,0
neuromorpho__M1S3S2T-d-sup.swc,pyramidal,358,1.000000,1.000000,1.000000,,1.000000,1.000000,1,0,172,185
neuromorpho__M1_13.swc,pyramidal,1874,1.000000,1.000000,1.000000,,1.000000,,1,0,1873,0
neuromorpho__M1_19.swc,pyramidal,2255,1.000000,1.000000,1.000000,,1.000000,,1,0,2254,0
neuromorpho__M1_27.swc,pyramidal,3519,1.000000,1.000000,1.000000,,1.000000,,1,0,3518,0
neuromorpho__M1_28.swc,pyramidal,2176,1.000000,1.000000,1.000000,,1.000000,,1,0,2175,0
neuromorpho__M1_3.swc,pyramidal,2841,1.000000,1.000000,1.000000,,1.000000,,1,0,2840,0
neuromorpho__M1_48.swc,pyramidal,711,1.000000,1.000000,1.000000,,1.000000,,1,0,710,0
neuromorpho__M1_8.swc,pyramidal,763,1.000000,1.000000,1.000000,,1.000000,,1,0,762,0
neuromorpho__M2KO_12.swc,pyramidal,879,1.000000,1.000000,1.000000,,1.000000,,1,0,878,0
neuromorpho__M2KO_16.swc,pyramidal,857,1.000000,1.000000,1.000000,,1.000000,,1,0,856,0
neuromorpho__M2KO_21.swc,pyramidal,1462,1.000000,1.000000,1.000000,,1.000000,,1,0,1461,0
neuromorpho__M2KO_24.swc,pyramidal,759,1.000000,1.000000,1.000000,,1.000000,,1,0,758,0
neuromorpho__M2KO_28.swc,pyramidal,1015,1.000000,1.000000,1.000000,,1.000000,,1,0,1014,0
neuromorpho__M2KO_3.swc,pyramidal,1179,1.000000,1.000000,1.000000,,1.000000,,1,0,1178,0
neuromorpho__M2KO_31.swc,pyramidal,1090,1.000000,1.000000,1.000000,,1.000000,,1,0,1089,0
neuromorpho__M2KO_32.swc,pyramidal,606,1.000000,1.000000,1.000000,,1.000000,,1,0,605,0
neuromorpho__M2KO_6.swc,pyramidal,1291,1.000000,1.000000,1.000000,,1.000000,,1,0,1290,0
neuromorpho__M2KO_9.swc,pyramidal,723,1.000000,1.000000,1.000000,,1.000000,,1,0,722,0
neuromorpho__M2_10.swc,pyramidal,899,1.000000,1.000000,1.000000,,1.000000,,1,0,898,0
neuromorpho__M2_13.swc,pyramidal,982,1.000000,1.000000,1.000000,,1.000000,,1,0,981,0
neuromorpho__M2_16.swc,pyramidal,641,1.000000,1.000000,1.000000,,1.000000,,1,0,640,0
neuromorpho__M2_19.swc,pyramidal,1399,1.000000,1.000000,1.000000,,1.000000,,1,0,1398,0
neuromorpho__M2_2.swc,pyramidal,781,1.000000,1.000000,1.000000,,1.000000,,1,0,780,0
neuromorpho__M2_34.swc,pyramidal,889,1.000000,1.000000,1.000000,,1.000000,,1,0,888,0
neuromorpho__M2_35.swc,pyramidal,1153,1.000000,1.000000,1.000000,,1.000000,,1,0,1152,0
neuromorpho__M2_38.swc,pyramidal,659,1.000000,1.000000,1.000000,,1.000000,,1,0,658,0
neuromorpho__M2_4.swc,pyramidal,691,1.000000,1.000000,1.000000,,1.000000,,1,0,690,0
neuromorpho__M2_40.swc,pyramidal,716,1.000000,1.000000,1.000000,,1.000000,,1,0,715,0
neuromorpho__M2_47.swc,pyramidal,789,1.000000,1.000000,1.000000,,1.000000,,1,0,788,0
neuromorpho__M2_53.swc,pyramidal,1124,1.000000,1.000000,1.000000,,1.000000,,1,0,1123,0
neuromorpho__M2_54.swc,pyramidal,810,1.000000,1.000000,1.000000,,1.000000,,1,0,809,0
neuromorpho__M2_58.swc,pyramidal,992,1.000000,1.000000,1.000000,,1.000000,,1,0,991,0
neuromorpho__M2_6.swc,pyramidal,1064,1.000000,1.000000,1.000000,,1.000000,,1,0,1063,0
neuromorpho__M2_66.swc,pyramidal,1055,1.000000,1.000000,1.000000,,1.000000,,1,0,1054,0
neuromorpho__M2_69.swc,pyramidal,573,1.000000,1.000000,1.000000,,1.000000,,1,0,572,0
neuromorpho__MAM02_Neuron1_CA1_PN_D_Slide3_R1_C2.swc,pyramidal,202,1.000000,1.000000,1.000000,,,1.000000,1,0,0,201
neuromorpho__MAM02_Neuron3_CA1_PN_D_Slide3_R2_C2.swc,pyramidal,391,1.000000,1.000000,1.000000,,,1.000000,1,0,0,390
neuromorpho__MAM02_Neuron4_CA1_PN_D_Slide4_R1_C1_40x.swc,pyramidal,468,1.000000,1.000000,1.000000,,,1.000000,1,0,0,467
neuromorpho__Mouse-CA2-Ma-Pyramidal-Cell-1.swc,pyramidal,1391,1.000000,1.000000,1.000000,,1.000000,1.000000,1,0,343,1047
neuromorpho__Mouse-CA2-Ma-Pyramidal-Cell-2.swc,pyramidal,1671,1.000000,1.000000,1.000000,,1.000000,1.000000,1,0,507,1163
neuromorpho__Mouse_CA2_Mc_Cell_5.swc,pyramidal,2682,1.000000,1.000000,1.000000,,1.000000,1.000000,1,0,881,1800
neuromorpho__N002.swc,pyramidal,1424,1.000000,1.000000,1.000000,1.000000,1.000000,1.000000,1,573,378,472
neuromorpho__N010.swc,pyramidal,2115,1.000000,1.000000,1.000000,1.000000,1.000000,1.000000,1,1182,369,563
neuromorpho__N012.swc,pyramidal,1371,1.000000,1.000000,1.000000,1.000000,1.000000,1.000000,1,754,260,356
neuromorpho__N013.swc,pyramidal,2608,1.000000,1.000000,1.000000,1.000000,1.000000,1.000000,1,824,900,883
neuromorpho__N023.swc,pyramidal,7346,1.000000,1.000000,1.000000,1.000000,1.000000,1.000000,1,3156,416,3773
neuromorpho__N041.swc,pyramidal,3587,1.000000,1.000000,1.000000,,1.000000,1.000000,1,0,968,2618
neuromorpho__N044.swc,pyramidal,2877,1.000000,1.000000,1.000000,,1.000000,1.000000,1,0,1409,1467
neuromorpho__N050.swc,pyramidal,1907,1.000000,1.000000,1.000000,1.000000,1.000000,1.000000,1,1052,272,582
neuromorpho__N051.swc,pyramidal,2110,1.000000,1.000000,1.000000,1.000000,1.000000,1.000000,1,1149,246,714
neuromorpho__N054.swc,pyramidal,6634,1.000000,1.000000,1.000000,1.000000,1.000000,1.000000,1,2818,1857,1958
neuromorpho__N055.swc,pyramidal,4788,1.000000,1.000000,1.000000,1.000000,1.000000,1.000000,1,3260,670,857
neuromorpho__N056.swc,pyramidal,1775,1.000000,1.000000,1.000000,1.000000,1.000000,1.000000,1,164,735,875
neuromorpho__N057.swc,pyramidal,6488,1.000000,1.000000,1.000000,1.000000,1.000000,1.000000,1,4006,790,1691
neuromorpho__N060.swc,pyramidal,4272,1.000000,1.000000,1.000000,1.000000,1.000000,1.000000,1,2148,1179,944
neuromorpho__N063.swc,pyramidal,3307,1.000000,1.000000,1.000000,1.000000,1.000000,1.000000,1,2115,490,701
neuromorpho__N066.swc,pyramidal,9070,1.000000,1.000000,1.000000,1.000000,1.000000,1.000000,1,4595,1673,2801
neuromorpho__N079.swc,pyramidal,2625,1.000000,1.000000,1.000000,1.000000,1.000000,1.000000,1,1833,308,483
neuromorpho__N088.swc,pyramidal,4057,1.000000,1.000000,1.000000,1.000000,1.000000,1.000000,1,1583,521,1952
neuromorpho__N093.swc,pyramidal,3317,1.000000,1.000000,1.000000,1.000000,1.000000,1.000000,1,1306,754,1256
neuromorpho__N104.swc,pyramidal,2401,1.000000,1.000000,1.000000,1.000000,1.000000,1.000000,1,1566,413,421
neuromorpho__N105.swc,pyramidal,2138,1.000000,1.000000,1.000000,1.000000,1.000000,1.000000,1,1154,470,513
neuromorpho__Neuron-1-E-and-I-synapses.swc,pyramidal,38579,0.366884,0.500000,1.000000,,1.000000,0.000000,1,24425,14153,0
neuromorpho__Neuron-10-E-and-I-synapses.swc,pyramidal,40264,1.000000,1.000000,1.000000,,1.000000,1.000000,1,0,26576,13687
neuromorpho__Neuron-3_2_1.swc,pyramidal,2913,0.823550,0.903200,1.000000,,0.903200,,1,514,2398,0
neuromorpho__Neuron-3_2_2.swc,pyramidal,1575,0.601270,0.750800,1.000000,,0.750800,,1,628,946,0
neuromorpho__Neuron-4-E-and-I-synapses.swc,pyramidal,41106,0.816645,0.911300,1.000000,,0.822600,1.000000,1,7537,17480,16088
neuromorpho__Nov3ir2fo-stitch.swc,pyramidal,2253,1.000000,1.000000,1.000000,,1.000000,1.000000,1,0,1512,740
neuromorpho__Oct9-IR3-4fo.swc,pyramidal,1523,1.000000,1.000000,1.000000,,1.000000,1.000000,1,0,557,965
neuromorpho__Oct9IR2q-40x.swc,pyramidal,9125,1.000000,1.000000,1.000000,,1.000000,1.000000,1,0,4833,4291
neuromorpho__PRLKO_12.swc,pyramidal,635,1.000000,1.000000,1.000000,,1.000000,,1,0,634,0
neuromorpho__PRLKO_14.swc,pyramidal,545,1.000000,1.000000,1.000000,,1.000000,,1,0,544,0
neuromorpho__PRLKO_16.swc,pyramidal,472,1.000000,1.000000,1.000000,,1.000000,,1,0,471,0
neuromorpho__PRLKO_21.swc,pyramidal,878,1.000000,1.000000,1.000000,,1.000000,,1,0,877,0
neuromorpho__PRLKO_24.swc,pyramidal,500,1.000000,1.000000,1.000000,,1.000000,,1,0,499,0
neuromorpho__PRLKO_25.swc,pyramidal,744,1.000000,1.000000,1.000000,,1.000000,,1,0,743,0
neuromorpho__PRLKO_27.swc,pyramidal,596,1.000000,1.000000,1.000000,,1.000000,,1,0,595,0
neuromorpho__PRLKO_29.swc,pyramidal,710,0.629577,0.772300,1.000000,,0.772300,,1,0,446,263
neuromorpho__PRLKO_34.swc,pyramidal,428,1.000000,1.000000,1.000000,,1.000000,,1,0,427,0
neuromorpho__PRLKO_38.swc,pyramidal,504,1.000000,1.000000,1.000000,,1.000000,,1,0,503,0
neuromorpho__PRLKO_5.swc,pyramidal,280,1.000000,1.000000,1.000000,,1.000000,,1,0,279,0
neuromorpho__PRL_10.swc,pyramidal,787,1.000000,1.000000,1.000000,,1.000000,,1,0,786,0
neuromorpho__PRL_13.swc,pyramidal,525,1.000000,1.000000,1.000000,,1.000000,,1,0,524,0
neuromorpho__PRL_16.swc,pyramidal,682,1.000000,1.000000,1.000000,,1.000000,,1,0,681,0
neuromorpho__PRL_22.swc,pyramidal,498,1.000000,1.000000,1.000000,,1.000000,,1,0,497,0
neuromorpho__PRL_29.swc,pyramidal,679,1.000000,1.000000,1.000000,,1.000000,,1,0,678,0
neuromorpho__PRL_3.swc,pyramidal,270,1.000000,1.000000,1.000000,,1.000000,,1,0,269,0
neuromorpho__PRL_35.swc,pyramidal,534,1.000000,1.000000,1.000000,,1.000000,,1,0,533,0
neuromorpho__PRL_41.swc,pyramidal,507,1.000000,1.000000,1.000000,,1.000000,,1,0,506,0
neuromorpho__PRL_46.swc,pyramidal,460,1.000000,1.000000,1.000000,,1.000000,,1,0,459,0
neuromorpho__PRL_54.swc,pyramidal,536,1.000000,1.000000,1.000000,,1.000000,,1,0,535,0
neuromorpho__PRL_58.swc,pyramidal,335,1.000000,1.000000,1.000000,,1.000000,,1,0,334,0
neuromorpho__Red_19weeks_Neuron2.swc,pyramidal,37,1.000000,1.000000,1.000000,,1.000000,,1,0,36,0
neuromorpho__Red_19weeks_Neuron6.swc,pyramidal,49,0.693878,0.814800,1.000000,,0.814800,,1,15,33,0
neuromorpho__Red_1week_Neuron6.swc,pyramidal,50,0.620000,0.759500,1.000000,,0.759500,,1,19,30,0
neuromorpho__Red_2weeks_Neuron13.swc,pyramidal,33,0.939394,0.967700,1.000000,,0.967700,,1,2,30,0
neuromorpho__Red_2weeks_Neuron4.swc,pyramidal,36,0.888889,0.939400,1.000000,,0.939400,,1,4,31,0
neuromorpho__Red_2weeks__Neuron9.swc,pyramidal,20,0.600000,0.733300,1.000000,,0.733300,,1,8,11,0
neuromorpho__Red_4weeks_Neuron10.swc,pyramidal,42,0.119048,0.177800,1.000000,,0.177800,,1,37,4,0
neuromorpho__Red_4weeks_Neuron11_addl.swc,pyramidal,107,1.000000,1.000000,1.000000,,1.000000,,1,0,106,0
neuromorpho__Red_4weeks_Neuron2.swc,pyramidal,30,1.000000,1.000000,1.000000,,1.000000,,1,0,29,0
neuromorpho__Red_4weeks_Neuron9.swc,pyramidal,80,0.012500,0.000000,1.000000,,0.000000,,1,79,0,0
neuromorpho__Red_6Weeks_Neuron6.swc,pyramidal,62,0.596774,0.742300,1.000000,,0.742300,,1,25,36,0
neuromorpho__Red_6weeks_Neuron11.swc,pyramidal,63,1.000000,1.000000,1.000000,,1.000000,,1,0,62,0
neuromorpho__Red_6weeks__Neuron5.swc,pyramidal,21,1.000000,1.000000,1.000000,,1.000000,,1,0,20,0
neuromorpho__Red_7-5w_Neuron6.swc,pyramidal,27,1.000000,1.000000,1.000000,,1.000000,,1,0,26,0
neuromorpho__Red_7-5weeks_Neuron11.swc,pyramidal,31,0.580645,0.723400,1.000000,,0.723400,,1,13,17,0
neuromorpho__Rouge-01-bis.swc,pyramidal,610,0.408197,0.192900,1.000000,0.000000,0.578800,0.000000,1,211,398,0
neuromorpho__Rouge-03-bis.swc,pyramidal,822,0.810219,0.629200,1.000000,1.000000,0.887600,0.000000,1,49,772,0
neuromorpho__S1KO_12.swc,pyramidal,768,1.000000,1.000000,1.000000,,1.000000,,1,0,767,0
neuromorpho__S1KO_18.swc,pyramidal,795,1.000000,1.000000,1.000000,,1.000000,,1,0,794,0
neuromorpho__S1KO_19.swc,pyramidal,1085,1.000000,1.000000,1.000000,,1.000000,,1,0,1084,0
neuromorpho__S1KO_20.swc,pyramidal,748,1.000000,1.000000,1.000000,,1.000000,,1,0,747,0
neuromorpho__S1KO_3.swc,pyramidal,516,1.000000,1.000000,1.000000,,1.000000,,1,0,515,0
neuromorpho__S1KO_33.swc,pyramidal,642,1.000000,1.000000,1.000000,,1.000000,,1,0,641,0
neuromorpho__S1KO_34.swc,pyramidal,960,1.000000,1.000000,1.000000,,1.000000,,1,0,959,0
neuromorpho__S1KO_35.swc,pyramidal,592,1.000000,1.000000,1.000000,,1.000000,,1,0,591,0
neuromorpho__S1KO_37.swc,pyramidal,782,1.000000,1.000000,1.000000,,1.000000,,1,0,781,0
neuromorpho__S1KO_38.swc,pyramidal,817,1.000000,1.000000,1.000000,,1.000000,,1,0,816,0
neuromorpho__S1KO_40.swc,pyramidal,1050,1.000000,1.000000,1.000000,,1.000000,,1,0,1049,0
neuromorpho__S1KO_41.swc,pyramidal,653,1.000000,1.000000,1.000000,,1.000000,,1,0,652,0
neuromorpho__S1KO_45.swc,pyramidal,978,1.000000,1.000000,1.000000,,1.000000,,1,0,977,0
neuromorpho__S1KO_48.swc,pyramidal,1142,1.000000,1.000000,1.000000,,1.000000,,1,0,1141,0
neuromorpho__S1KO_55.swc,pyramidal,565,1.000000,1.000000,1.000000,,1.000000,,1,0,564,0
neuromorpho__S1KO_61.swc,pyramidal,514,1.000000,1.000000,1.000000,,1.000000,,1,0,513,0
neuromorpho__S1KO_62.swc,pyramidal,600,1.000000,1.000000,1.000000,,1.000000,,1,0,599,0
neuromorpho__S1KO_8.swc,pyramidal,659,1.000000,1.000000,1.000000,,1.000000,,1,0,658,0
neuromorpho__S1KO_9.swc,pyramidal,1059,1.000000,1.000000,1.000000,,1.000000,,1,0,1058,0
neuromorpho__S1_2.swc,pyramidal,466,1.000000,1.000000,1.000000,,1.000000,,1,0,465,0
neuromorpho__S1_24.swc,pyramidal,298,1.000000,1.000000,1.000000,,1.000000,,1,0,297,0
neuromorpho__S1_28.swc,pyramidal,290,1.000000,1.000000,1.000000,,1.000000,,1,0,289,0
neuromorpho__S1_3.swc,pyramidal,348,1.000000,1.000000,1.000000,,1.000000,,1,0,347,0
neuromorpho__S1_33.swc,pyramidal,351,1.000000,1.000000,1.000000,,1.000000,,1,0,350,0
neuromorpho__S1_36.swc,pyramidal,449,1.000000,1.000000,1.000000,,1.000000,,1,0,448,0
neuromorpho__S1_39.swc,pyramidal,363,1.000000,1.000000,1.000000,,1.000000,,1,0,362,0
neuromorpho__S1_4.swc,pyramidal,342,1.000000,1.000000,1.000000,,1.000000,,1,0,341,0
neuromorpho__S1_44.swc,pyramidal,449,1.000000,1.000000,1.000000,,1.000000,,1,0,448,0
neuromorpho__S1_45.swc,pyramidal,249,1.000000,1.000000,1.000000,,1.000000,,1,0,248,0
neuromorpho__S1_46.swc,pyramidal,602,1.000000,1.000000,1.000000,,1.000000,,1,0,601,0
neuromorpho__S2KO_20.swc,pyramidal,501,1.000000,1.000000,1.000000,,1.000000,,1,0,500,0
neuromorpho__S2KO_25.swc,pyramidal,1443,1.000000,1.000000,1.000000,,1.000000,,1,0,1442,0
neuromorpho__S2KO_27.swc,pyramidal,2186,1.000000,1.000000,1.000000,,1.000000,,1,0,2185,0
neuromorpho__S2KO_30.swc,pyramidal,1635,1.000000,1.000000,1.000000,,1.000000,,1,0,1634,0
neuromorpho__S2KO_31.swc,pyramidal,1459,1.000000,1.000000,1.000000,,1.000000,,1,0,1458,0
neuromorpho__S2KO_4.swc,pyramidal,505,1.000000,1.000000,1.000000,,1.000000,,1,0,504,0
neuromorpho__S2_11.swc,pyramidal,2076,1.000000,1.000000,1.000000,,1.000000,,1,0,2075,0
neuromorpho__S2_14.swc,pyramidal,1584,1.000000,1.000000,1.000000,,1.000000,,1,0,1583,0
neuromorpho__S2_18.swc,pyramidal,2576,1.000000,1.000000,1.000000,,1.000000,,1,0,2575,0
neuromorpho__S2_2.swc,pyramidal,3160,0.673418,0.804800,1.000000,,0.804800,,1,1032,2127,0
neuromorpho__S2_24.swc,pyramidal,1562,1.000000,1.000000,1.000000,,1.000000,,1,0,1561,0
neuromorpho__S2_7.swc,pyramidal,1655,1.000000,1.000000,1.000000,,1.000000,,1,0,1654,0
neuromorpho__SDGA1_slide2_neuron4.swc,pyramidal,2516,1.000000,1.000000,1.000000,1.000000,1.000000,1.000000,1,13,996,1506
neuromorpho__SDGA2_slide2_neuron2.swc,pyramidal,1602,1.000000,1.000000,1.000000,1.000000,1.000000,1.000000,1,16,986,599
neuromorpho__SDGA3_slide2_neuron3.swc,pyramidal,2041,0.850073,0.564900,1.000000,0.000000,0.694600,1.000000,1,251,403,1386
neuromorpho__SW150113-01RabiesPHALPFC_x772_y876_z296_10.swc,pyramidal,514,0.982490,0.991200,1.000000,,0.991200,,1,9,504,0
neuromorpho__SW150113-01RabiesPHALPFC_x772_y876_z296_15.swc,pyramidal,676,0.983728,0.991800,1.000000,,0.991800,,1,11,664,0
neuromorpho__SW150113-01RabiesPHALPFC_x772_y876_z296_2.swc,pyramidal,2041,0.984811,0.992300,1.000000,,0.992300,,1,31,2009,0
neuromorpho__SW150113-01RabiesPHALPFC_x772_y876_z296_5.swc,pyramidal,507,0.684418,0.812200,1.000000,,0.812200,,1,160,346,0
neuromorpho__Saline03_Neuron1_CA1_PN_F_Slide3_R2_C4.swc,pyramidal,658,1.000000,1.000000,1.000000,,,1.000000,1,0,0,657
neuromorpho__Sept12-IR1d-40x-low-MMcorrect-res.swc,pyramidal,4312,0.998840,0.999300,1.000000,,0.998600,1.000000,1,5,1783,2523
neuromorpho__SstCre_cell4.swc,pyramidal,642,1.000000,1.000000,1.000000,1.000000,1.000000,1.000000,1,86,285,270
neuromorpho__Stroke-Feb23-IR1-3g-40x-low-res.swc,pyramidal,13390,1.000000,1.000000,1.000000,,1.000000,1.000000,1,0,5723,7666
neuromorpho__StrokeFeb23IR1-3n40xlowres.swc,pyramidal,3604,1.000000,1.000000,1.000000,,1.000000,1.000000,1,0,1354,2249
neuromorpho__Strokefeb23IR3-3i40xlowres.swc,pyramidal,7429,1.000000,1.000000,1.000000,,1.000000,1.000000,1,0,5353,2075
neuromorpho__Strokefeb23IR3-3j40xlowres.swc,pyramidal,3639,0.992306,0.994000,1.000000,,0.987900,1.000000,1,28,1146,2464
neuromorpho__T118_NeuronC_40X_Tile_Trace_RK.swc,pyramidal,2752,1.000000,1.000000,1.000000,,1.000000,1.000000,1,0,1209,1542
neuromorpho__T45_NeuronC_Tile_Trace_RK.swc,pyramidal,2000,0.440000,0.305400,1.000000,,0.610800,0.000000,1,0,1999,0
neuromorpho__T61_NeuronC_40X_Tile_Trace_MK.swc,pyramidal,2189,0.994518,0.996700,1.000000,,0.993500,1.000000,1,12,911,1265
neuromorpho__T66_NeuronB_Tile_Trace_RK.swc,pyramidal,575,1.000000,1.000000,1.000000,,1.000000,1.000000,1,0,179,395
neuromorpho__T75_NeuronA_40X_Tile_Trace_MK.swc,pyramidal,1433,1.000000,1.000000,1.000000,,1.000000,1.000000,1,0,708,724
neuromorpho__T77_40X_NeuronB_Tile_Trace_RK.swc,pyramidal,2261,0.468819,0.499800,1.000000,,0.999500,0.000000,1,1200,1060,0
neuromorpho__T77_NeuronA_Tile_Trace_MK.swc,pyramidal,2171,1.000000,1.000000,1.000000,,1.000000,1.000000,1,0,1066,1104
neuromorpho__T80_NeuronB_40X_Tile_Trace_MB.swc,pyramidal,448,1.000000,1.000000,1.000000,,1.000000,1.000000,1,0,186,261
neuromorpho__T84_NeuronB_tile_trace_RK.swc,pyramidal,1797,0.658319,0.396900,1.000000,,0.793800,0.000000,1,0,1796,0
neuromorpho__V1KO_12.swc,pyramidal,665,1.000000,1.000000,1.000000,,1.000000,,1,0,664,0
neuromorpho__V1KO_15.swc,pyramidal,1185,1.000000,1.000000,1.000000,,1.000000,,1,0,1184,0
neuromorpho__V1KO_17.swc,pyramidal,1379,1.000000,1.000000,1.000000,,1.000000,,1,0,1378,0
neuromorpho__V1KO_18.swc,pyramidal,1009,1.000000,1.000000,1.000000,,1.000000,,1,0,1008,0
neuromorpho__V1KO_23.swc,pyramidal,1477,1.000000,1.000000,1.000000,,1.000000,,1,0,1476,0
neuromorpho__V1KO_25.swc,pyramidal,1070,1.000000,1.000000,1.000000,,1.000000,,1,0,1069,0
neuromorpho__V1KO_4.swc,pyramidal,726,1.000000,1.000000,1.000000,,1.000000,,1,0,725,0
neuromorpho__V1KO_5.swc,pyramidal,617,1.000000,1.000000,1.000000,,1.000000,,1,0,616,0
neuromorpho__V1KO_6.swc,pyramidal,627,1.000000,1.000000,1.000000,,1.000000,,1,0,626,0
neuromorpho__V1KO_8.swc,pyramidal,958,1.000000,1.000000,1.000000,,1.000000,,1,0,957,0
neuromorpho__V1_12.swc,pyramidal,1810,1.000000,1.000000,1.000000,,1.000000,,1,0,1809,0
neuromorpho__V1_21.swc,pyramidal,384,1.000000,1.000000,1.000000,,1.000000,,1,0,383,0
neuromorpho__V1_25.swc,pyramidal,1519,1.000000,1.000000,1.000000,,1.000000,,1,0,1518,0
neuromorpho__V1_28.swc,pyramidal,492,1.000000,1.000000,1.000000,,1.000000,,1,0,491,0
neuromorpho__V1_31.swc,pyramidal,1578,1.000000,1.000000,1.000000,,1.000000,,1,0,1577,0
neuromorpho__V1_35.swc,pyramidal,455,1.000000,1.000000,1.000000,,1.000000,,1,0,454,0
neuromorpho__V1_4.swc,pyramidal,1903,1.000000,1.000000,1.000000,,1.000000,,1,0,1902,0
neuromorpho__V1_40.swc,pyramidal,1071,1.000000,1.000000,1.000000,,1.000000,,1,0,1070,0
neuromorpho__V1_6.swc,pyramidal,743,1.000000,1.000000,1.000000,,1.000000,,1,0,742,0
neuromorpho__V2KO_13.swc,pyramidal,861,1.000000,1.000000,1.000000,,1.000000,,1,0,860,0
neuromorpho__V2KO_17.swc,pyramidal,775,1.000000,1.000000,1.000000,,1.000000,,1,0,774,0
neuromorpho__V2KO_19.swc,pyramidal,1146,1.000000,1.000000,1.000000,,1.000000,,1,0,1145,0
neuromorpho__V2KO_24.swc,pyramidal,606,1.000000,1.000000,1.000000,,1.000000,,1,0,605,0
neuromorpho__V2KO_26.swc,pyramidal,983,1.000000,1.000000,1.000000,,1.000000,,1,0,982,0
neuromorpho__V2KO_27.swc,pyramidal,785,1.000000,1.000000,1.000000,,1.000000,,1,0,784,0
neuromorpho__V2KO_35.swc,pyramidal,548,1.000000,1.000000,1.000000,,1.000000,,1,0,547,0
neuromorpho__V2KO_36.swc,pyramidal,526,1.000000,1.000000,1.000000,,1.000000,,1,0,525,0
neuromorpho__V2KO_7.swc,pyramidal,625,1.000000,1.000000,1.000000,,1.000000,,1,0,624,0
neuromorpho__V2KO_9.swc,pyramidal,750,1.000000,1.000000,1.000000,,1.000000,,1,0,749,0
neuromorpho__V2_1.swc,pyramidal,838,1.000000,1.000000,1.000000,,1.000000,,1,0,837,0
neuromorpho__V2_13.swc,pyramidal,933,1.000000,1.000000,1.000000,,1.000000,,1,0,932,0
neuromorpho__V2_14.swc,pyramidal,621,1.000000,1.000000,1.000000,,1.000000,,1,0,620,0
neuromorpho__V2_19.swc,pyramidal,632,1.000000,1.000000,1.000000,,1.000000,,1,0,631,0
neuromorpho__V2_29.swc,pyramidal,772,1.000000,1.000000,1.000000,,1.000000,,1,0,771,0
neuromorpho__V2_39.swc,pyramidal,376,1.000000,1.000000,1.000000,,1.000000,,1,0,375,0
neuromorpho__V2_40.swc,pyramidal,836,1.000000,1.000000,1.000000,,1.000000,,1,0,835,0
neuromorpho__V2_5.swc,pyramidal,557,1.000000,1.000000,1.000000,,1.000000,,1,0,556,0
neuromorpho__V2_52.swc,pyramidal,732,1.000000,1.000000,1.000000,,1.000000,,1,0,731,0
neuromorpho__V2_53.swc,pyramidal,461,1.000000,1.000000,1.000000,,1.000000,,1,0,460,0
neuromorpho__Vert-01.swc,pyramidal,482,0.821577,0.629600,1.000000,1.000000,0.888900,0.000000,1,51,430,0
neuromorpho__Vert-02.swc,pyramidal,758,1.000000,1.000000,1.000000,1.000000,1.000000,1.000000,1,30,451,276
neuromorpho__Vert-03.swc,pyramidal,405,0.711111,0.308100,1.000000,0.000000,0.924300,0.000000,1,70,334,0
neuromorpho__WT-set1-005.swc,pyramidal,1157,1.000000,1.000000,1.000000,,1.000000,,1,0,1156,0
neuromorpho__WT-set2-007.swc,pyramidal,581,1.000000,1.000000,1.000000,,1.000000,,1,0,580,0
neuromorpho__WT-set2-008.swc,pyramidal,1603,1.000000,1.000000,1.000000,,1.000000,,1,0,1602,0
neuromorpho__WT-set3-004.swc,pyramidal,1200,1.000000,1.000000,1.000000,,1.000000,,1,0,1199,0
neuromorpho__WT-set3-005.swc,pyramidal,1586,1.000000,1.000000,1.000000,,1.000000,,1,0,1585,0
neuromorpho__WT-set3-006.swc,pyramidal,991,1.000000,1.000000,1.000000,,1.000000,,1,0,990,0
neuromorpho__WT2-N1-1_final.swc,pyramidal,2217,1.000000,1.000000,1.000000,,1.000000,,1,0,2216,0
neuromorpho__WT2-N1-2_final.swc,pyramidal,1539,1.000000,1.000000,1.000000,,1.000000,,1,0,1538,0
neuromorpho__WT2-N6-1_final.swc,pyramidal,1308,1.000000,1.000000,1.000000,,1.000000,,1,0,1307,0
neuromorpho__WT2-N7-1_final.swc,pyramidal,1329,1.000000,1.000000,1.000000,,1.000000,,1,0,1328,0
neuromorpho__WT2-Neuron-12.swc,pyramidal,21,0.761905,0.500000,1.000000,1.000000,,0.000000,1,15,5,0
neuromorpho__WT2-Neuron-16.swc,pyramidal,63,0.666667,0.398100,1.000000,0.000000,0.796100,,1,0,62,0
neuromorpho__WT2-Neuron-7.swc,pyramidal,59,0.169492,0.134300,1.000000,0.000000,0.268700,,1,34,24,0
neuromorpho__WT2-Neuron-8.swc,pyramidal,41,0.024390,0.000000,1.000000,0.000000,,0.000000,1,26,14,0
neuromorpho__WT2-Neuron-9.swc,pyramidal,48,0.020833,0.000000,1.000000,0.000000,,0.000000,1,29,18,0
neuromorpho__WT2-Neuron1_c.swc,pyramidal,20,0.500000,0.500000,1.000000,1.000000,,0.000000,1,9,10,0
neuromorpho__WT3-N1-3_final.swc,pyramidal,1456,1.000000,1.000000,1.000000,,1.000000,,1,0,1455,0
neuromorpho__WT3-n2-3_final.swc,pyramidal,1632,1.000000,1.000000,1.000000,,1.000000,,1,0,1631,0
neuromorpho__WT3-n4-6_final.swc,pyramidal,1570,1.000000,1.000000,1.000000,,1.000000,,1,0,1569,0
neuromorpho__WT3-neuron1.swc,pyramidal,226,0.004425,0.000000,1.000000,0.000000,,0.000000,1,155,70,0
neuromorpho__WT3-neuron5.swc,pyramidal,173,0.005780,0.000000,1.000000,0.000000,,0.000000,1,0,172,0
neuromorpho__WT4-N3-4-2_final.swc,pyramidal,1589,1.000000,1.000000,1.000000,,1.000000,,1,0,1588,0
neuromorpho__WT4-n1-2_final.swc,pyramidal,1290,1.000000,1.000000,1.000000,,1.000000,,1,0,1289,0
neuromorpho__WT4-n5-1_final.swc,pyramidal,1812,1.000000,1.000000,1.000000,,1.000000,,1,0,1811,0
neuromorpho__WT4-neuron5.swc,pyramidal,276,0.032609,0.028300,1.000000,0.000000,0.056500,,1,0,112,163
neuromorpho__WT4-neuron7.swc,pyramidal,171,0.836257,0.597000,1.000000,1.000000,0.791000,0.000000,1,89,81,0
neuromorpho__WT_1_2.swc,pyramidal,2913,1.000000,1.000000,1.000000,1.000000,1.000000,1.000000,1,128,1658,1126
neuromorpho__WT_1_5.swc,pyramidal,2710,0.921033,0.633200,1.000000,0.000000,0.899700,1.000000,1,150,1024,1535
neuromorpho__WT_2_4.swc,pyramidal,3829,0.613998,0.523600,1.000000,0.000000,0.570800,1.000000,1,1327,1134,1367
neuromorpho__WT_3_6.swc,pyramidal,3014,0.830126,0.563400,1.000000,0.000000,0.690100,1.000000,1,347,735,1931
neuromorpho__WT_6.swc,pyramidal,1610,0.995652,0.996100,1.000000,,0.992300,1.000000,1,7,450,1152
neuromorpho__WT_7.swc,pyramidal,2666,0.992498,0.991700,1.000000,,0.983500,1.000000,1,20,595,2050
neuromorpho__WT_9.swc,pyramidal,1482,0.977058,0.972600,1.000000,,0.945200,1.000000,1,34,293,1154
neuromorpho__X043_S2_Z4_C01_20x.swc,pyramidal,394,1.000000,1.000000,1.000000,,1.000000,1.000000,1,0,149,244
neuromorpho__X043_S3_Z1_C01.swc,pyramidal,542,0.695572,0.410000,1.000000,,0.820100,0.000000,1,18,523,0
neuromorpho__X043_S3_Z4_C02.swc,pyramidal,649,1.000000,1.000000,1.000000,,1.000000,1.000000,1,0,432,216
neuromorpho__X043_S3_Z6_C01.swc,pyramidal,504,1.000000,1.000000,1.000000,,1.000000,1.000000,1,0,291,212
neuromorpho__X043_S4_Z6_C01.swc,pyramidal,339,1.000000,1.000000,1.000000,,1.000000,1.000000,1,0,137,201
neuromorpho__X043_S4_Z6_C02.swc,pyramidal,624,1.000000,1.000000,1.000000,,1.000000,1.000000,1,0,226,397
neuromorpho__X043_S5_Z1_C02_20x.swc,pyramidal,397,0.899244,0.928600,1.000000,,0.857100,1.000000,1,40,120,236
neuromorpho__X043_S5_Z4_C04_20x.swc,pyramidal,622,0.617363,0.500000,1.000000,,1.000000,0.000000,1,238,383,0
neuromorpho__X046_S1_Z5_C03_20X.swc,pyramidal,663,1.000000,1.000000,1.000000,,1.000000,1.000000,1,0,493,169
neuromorpho__X046_S1_Z6_C02_20X.swc,pyramidal,584,1.000000,1.000000,1.000000,,1.000000,1.000000,1,0,313,270
neuromorpho__X046_S2_Z1_C01_20X.swc,pyramidal,402,0.629353,0.500000,1.000000,,1.000000,0.000000,1,149,252,0
neuromorpho__X046_S2_Z2_C01_20X.swc,pyramidal,446,1.000000,1.000000,1.000000,,1.000000,1.000000,1,0,186,259
neuromorpho__X046_S4_Z1_C03_20X.swc,pyramidal,804,1.000000,1.000000,1.000000,,1.000000,1.000000,1,0,524,279
neuromorpho__X046_S4_Z2_C02_20X.swc,pyramidal,540,0.983333,0.987500,1.000000,,0.975100,1.000000,1,9,176,354
neuromorpho__X046_S4_Z2_C03_20X.swc,pyramidal,846,1.000000,1.000000,1.000000,,1.000000,1.000000,1,0,474,371
neuromorpho__X046_S4_Z3_C01_20X.swc,pyramidal,452,1.000000,1.000000,1.000000,,1.000000,1.000000,1,0,129,322
neuromorpho__X046_S4_Z3_C02_20X.swc,pyramidal,386,1.000000,1.000000,1.000000,,1.000000,1.000000,1,0,184,201
neuromorpho__X046_S4_Z4_C02_20X.swc,pyramidal,452,0.997788,0.665900,1.000000,0.000000,0.997600,1.000000,1,0,211,240
neuromorpho__X046_S4_Z4_C03_20X.swc,pyramidal,578,0.989619,0.994500,1.000000,,0.989000,1.000000,1,6,269,302
neuromorpho__X046_S5_Z1_C04_20x.swc,pyramidal,500,0.580000,0.500000,1.000000,,1.000000,0.000000,1,210,289,0
neuromorpho__X046_S5_Z3_C01.swc,pyramidal,554,0.550542,0.500000,1.000000,,1.000000,0.000000,1,249,304,0
neuromorpho__X046_S5_Z3_C04_20x.swc,pyramidal,317,0.397476,0.500000,1.000000,,1.000000,0.000000,1,191,125,0
neuromorpho__X046_S5_Z4_C02_20x.swc,pyramidal,446,1.000000,1.000000,1.000000,,1.000000,1.000000,1,0,200,245
neuromorpho__X046_S5_Z4_C03_20x.swc,pyramidal,588,0.403061,0.500000,1.000000,,1.000000,0.000000,1,351,236,0
neuromorpho__X046_S5_Z5_C02.swc,pyramidal,627,1.000000,1.000000,1.000000,,1.000000,1.000000,1,0,281,345
neuromorpho__Yin20161228s4_AR.swc,pyramidal,10110,1.000000,1.000000,1.000000,1.000000,1.000000,1.000000,1,5133,3318,1658
neuromorpho__Yin20161228s5_AR.swc,pyramidal,9572,1.000000,1.000000,1.000000,1.000000,1.000000,1.000000,1,7027,1470,1074
neuromorpho__alpha-1.swc,pyramidal,59,1.000000,1.000000,1.000000,,1.000000,,1,0,58,0
neuromorpho__alpha-12.swc,pyramidal,81,1.000000,1.000000,1.000000,,1.000000,,1,0,80,0
neuromorpho__alpha-3.swc,pyramidal,82,1.000000,1.000000,1.000000,,1.000000,,1,0,81,0
neuromorpho__alpha-5.swc,pyramidal,62,1.000000,1.000000,1.000000,,1.000000,,1,0,61,0
neuromorpho__april11s1cell-1.swc,pyramidal,1495,0.121070,0.107500,1.000000,,0.215100,0.000000,1,942,552,0
neuromorpho__april9s1-cell-1.swc,pyramidal,702,1.000000,1.000000,1.000000,,1.000000,1.000000,1,0,340,361
neuromorpho__august8s1-cell-5.swc,pyramidal,1310,1.000000,1.000000,1.000000,,1.000000,1.000000,1,0,436,873
neuromorpho__b1_slide1_neuron3.swc,pyramidal,223,0.896861,0.621300,1.000000,0.000000,0.863900,1.000000,1,6,90,126
neuromorpho__beta-13.swc,pyramidal,241,1.000000,1.000000,1.000000,,1.000000,,1,0,240,0
neuromorpho__beta-18.swc,pyramidal,90,1.000000,1.000000,1.000000,,1.000000,,1,0,89,0
neuromorpho__beta-5.swc,pyramidal,116,1.000000,1.000000,1.000000,,1.000000,,1,0,115,0
neuromorpho__beta-7.swc,pyramidal,137,1.000000,1.000000,1.000000,,1.000000,,1,0,136,0
neuromorpho__cM2p_10.swc,pyramidal,4304,1.000000,1.000000,1.000000,,1.000000,1.000000,1,0,1904,2399
neuromorpho__cM2p_20.swc,pyramidal,4969,1.000000,1.000000,1.000000,,1.000000,1.000000,1,0,1908,3060
neuromorpho__cnic_041.swc,pyramidal,1036,1.000000,1.000000,1.000000,,1.000000,1.000000,1,0,643,392
neuromorpho__cnic_044.swc,pyramidal,1222,1.000000,1.000000,1.000000,,1.000000,1.000000,1,0,869,352
neuromorpho__cortex-1148-3.swc,pyramidal,45,1.000000,1.000000,1.000000,,1.000000,,1,0,44,0
neuromorpho__cortex-1148-4.swc,pyramidal,63,1.000000,1.000000,1.000000,,1.000000,,1,0,62,0
neuromorpho__cortex-1155-5.swc,pyramidal,96,1.000000,1.000000,1.000000,,1.000000,,1,0,95,0
neuromorpho__cortex-1159-2.swc,pyramidal,55,1.000000,1.000000,1.000000,,1.000000,,1,0,54,0
neuromorpho__cortex-1159-3.swc,pyramidal,65,1.000000,1.000000,1.000000,,1.000000,,1,0,64,0
neuromorpho__cortex-1159-7.swc,pyramidal,81,1.000000,1.000000,1.000000,,1.000000,,1,0,80,0
neuromorpho__cortex-1159-9.swc,pyramidal,85,1.000000,1.000000,1.000000,,1.000000,,1,0,84,0
neuromorpho__cortex-229-5.swc,pyramidal,99,1.000000,1.000000,1.000000,,1.000000,,1,0,98,0
neuromorpho__cortex-456-8.swc,pyramidal,48,1.000000,1.000000,1.000000,,1.000000,,1,0,47,0
neuromorpho__cortex-516-4.swc,pyramidal,61,1.000000,1.000000,1.000000,,1.000000,,1,0,60,0
neuromorpho__cortex-516-6.swc,pyramidal,47,1.000000,1.000000,1.000000,,1.000000,,1,0,46,0
neuromorpho__cortex-516-7.swc,pyramidal,50,1.000000,1.000000,1.000000,,1.000000,,1,0,49,0
neuromorpho__cortex-516-8.swc,pyramidal,69,1.000000,1.000000,1.000000,,1.000000,,1,0,68,0
neuromorpho__cortex-519-3.swc,pyramidal,37,1.000000,1.000000,1.000000,,1.000000,,1,0,36,0
neuromorpho__cortex-519-8.swc,pyramidal,24,1.000000,1.000000,1.000000,,1.000000,,1,0,23,0
neuromorpho__cortex-521-6.swc,pyramidal,73,1.000000,1.000000,1.000000,,1.000000,,1,0,72,0
neuromorpho__cortex-531-2.swc,pyramidal,84,1.000000,1.000000,1.000000,,1.000000,,1,0,83,0
neuromorpho__cortex-537-2.swc,pyramidal,74,1.000000,1.000000,1.000000,,1.000000,,1,0,73,0
neuromorpho__cortex-539-5.swc,pyramidal,101,1.000000,1.000000,1.000000,,1.000000,,1,0,100,0
neuromorpho__cortex-539-8.swc,pyramidal,51,1.000000,1.000000,1.000000,,1.000000,,1,0,50,0
neuromorpho__cortex-570-7.swc,pyramidal,105,1.000000,1.000000,1.000000,,1.000000,,1,0,104,0
neuromorpho__cortex-858-3.swc,pyramidal,47,1.000000,1.000000,1.000000,,1.000000,,1,0,46,0
neuromorpho__cortex-858-4.swc,pyramidal,63,1.000000,1.000000,1.000000,,1.000000,,1,0,62,0
neuromorpho__cortex102-5.swc,pyramidal,149,1.000000,1.000000,1.000000,,1.000000,,1,0,148,0
neuromorpho__cortex104-1.swc,pyramidal,50,1.000000,1.000000,1.000000,,1.000000,,1,0,49,0
neuromorpho__cortex104-6.swc,pyramidal,64,1.000000,1.000000,1.000000,,1.000000,,1,0,63,0
neuromorpho__cortex117-6.swc,pyramidal,61,1.000000,1.000000,1.000000,,1.000000,,1,0,60,0
neuromorpho__cortex130-2.swc,pyramidal,104,1.000000,1.000000,1.000000,,1.000000,,1,0,103,0
neuromorpho__cortex130-7.swc,pyramidal,44,1.000000,1.000000,1.000000,,1.000000,,1,0,43,0
neuromorpho__cortex134-2.swc,pyramidal,68,1.000000,1.000000,1.000000,,1.000000,,1,0,67,0
neuromorpho__cortex134-5.swc,pyramidal,97,1.000000,1.000000,1.000000,,1.000000,,1,0,96,0
neuromorpho__cortex156-6.swc,pyramidal,101,1.000000,1.000000,1.000000,,1.000000,,1,0,100,0
neuromorpho__cortex158-1.swc,pyramidal,43,1.000000,1.000000,1.000000,,1.000000,,1,0,42,0
neuromorpho__cortex158-2.swc,pyramidal,85,1.000000,1.000000,1.000000,,1.000000,,1,0,84,0
neuromorpho__cortex158-4.swc,pyramidal,47,1.000000,1.000000,1.000000,,1.000000,,1,0,46,0
neuromorpho__cortex163-2.swc,pyramidal,69,1.000000,1.000000,1.000000,,1.000000,,1,0,68,0
neuromorpho__cortex163-3.swc,pyramidal,174,1.000000,1.000000,1.000000,,1.000000,,1,0,173,0
neuromorpho__cortex163-5.swc,pyramidal,37,1.000000,1.000000,1.000000,,1.000000,,1,0,36,0
neuromorpho__cortex168-5.swc,pyramidal,76,1.000000,1.000000,1.000000,,1.000000,,1,0,75,0
neuromorpho__cortex168-6.swc,pyramidal,78,1.000000,1.000000,1.000000,,1.000000,,1,0,77,0
neuromorpho__cortex169-6.swc,pyramidal,60,1.000000,1.000000,1.000000,,1.000000,,1,0,59,0
neuromorpho__cortex172-4.swc,pyramidal,59,1.000000,1.000000,1.000000,,1.000000,,1,0,58,0
neuromorpho__cortex195-1.swc,pyramidal,61,1.000000,1.000000,1.000000,,1.000000,,1,0,60,0
neuromorpho__cortex195-4.swc,pyramidal,82,1.000000,1.000000,1.000000,,1.000000,,1,0,81,0
neuromorpho__cortex195-6.swc,pyramidal,79,1.000000,1.000000,1.000000,,1.000000,,1,0,78,0
neuromorpho__cortex218-2.swc,pyramidal,148,1.000000,1.000000,1.000000,,1.000000,,1,0,147,0
neuromorpho__cortex218-4.swc,pyramidal,68,1.000000,1.000000,1.000000,,1.000000,,1,0,67,0
neuromorpho__cortex223-4.swc,pyramidal,92,1.000000,1.000000,1.000000,,1.000000,,1,0,91,0
neuromorpho__cortex225-3.swc,pyramidal,41,1.000000,1.000000,1.000000,,1.000000,,1,0,40,0
neuromorpho__cortex229-2.swc,pyramidal,72,1.000000,1.000000,1.000000,,1.000000,,1,0,71,0
neuromorpho__cortex303-3.swc,pyramidal,97,1.000000,1.000000,1.000000,,1.000000,,1,0,96,0
neuromorpho__cortex303-4.swc,pyramidal,78,1.000000,1.000000,1.000000,,1.000000,,1,0,77,0
neuromorpho__cortex305-2.swc,pyramidal,129,1.000000,1.000000,1.000000,,1.000000,,1,0,128,0
neuromorpho__cortex368-3.swc,pyramidal,57,1.000000,1.000000,1.000000,,1.000000,,1,0,56,0
neuromorpho__cortex370-2.swc,pyramidal,86,1.000000,1.000000,1.000000,,1.000000,,1,0,85,0
neuromorpho__cortex370-7.swc,pyramidal,95,1.000000,1.000000,1.000000,,1.000000,,1,0,94,0
neuromorpho__cortex401-5.swc,pyramidal,104,1.000000,1.000000,1.000000,,1.000000,,1,0,103,0
neuromorpho__cortex401-6.swc,pyramidal,87,1.000000,1.000000,1.000000,,1.000000,,1,0,86,0
neuromorpho__cortex99-4.swc,pyramidal,95,1.000000,1.000000,1.000000,,1.000000,,1,0,94,0
neuromorpho__cortex99-5.swc,pyramidal,111,1.000000,1.000000,1.000000,,1.000000,,1,0,110,0
neuromorpho__crop0_2_seg_split_20_1-7.swc,pyramidal,2028,1.000000,1.000000,1.000000,,1.000000,,1,0,2027,0
neuromorpho__crop0_2_seg_split_2_1-2.swc,pyramidal,772,1.000000,1.000000,1.000000,,1.000000,,1,0,771,0
neuromorpho__crop0_2_seg_split_30_1-2.swc,pyramidal,868,1.000000,1.000000,1.000000,,1.000000,,1,0,867,0
neuromorpho__crop0_2_seg_split_38_1-05.swc,pyramidal,1152,1.000000,1.000000,1.000000,,1.000000,,1,0,1151,0
neuromorpho__crop0_2_seg_split_4_1-2.swc,pyramidal,758,1.000000,1.000000,1.000000,,1.000000,,1,0,757,0
neuromorpho__crop0_2_seg_split_6_1-35.swc,pyramidal,545,0.666055,0.799100,1.000000,,0.799100,,1,182,362,0
neuromorpho__ctg_bV1_3.swc,pyramidal,605,1.000000,1.000000,1.000000,,1.000000,1.000000,1,0,326,278
neuromorpho__ctrl_bV1_2.swc,pyramidal,426,0.744131,0.852900,1.000000,,0.852900,,1,0,316,109
neuromorpho__ctrl_bV1_3.swc,pyramidal,669,0.968610,0.986100,1.000000,,0.972300,1.000000,1,21,368,279
neuromorpho__ctrl_bV1_5.swc,pyramidal,685,1.000000,1.000000,1.000000,,1.000000,1.000000,1,0,354,330
neuromorpho__ctrl_bV1_7.swc,pyramidal,392,1.000000,1.000000,1.000000,,1.000000,1.000000,1,0,220,171
neuromorpho__d2s2-cell-3.swc,pyramidal,638,0.741379,0.425600,1.000000,,0.851200,0.000000,1,0,637,0
neuromorpho__d3s2-cell-2.swc,pyramidal,636,0.540881,0.350700,1.000000,,0.701400,0.000000,1,146,489,0
neuromorpho__g0435P1.swc,pyramidal,2027,1.000000,1.000000,1.000000,1.000000,1.000000,1.000000,1,850,578,598
neuromorpho__g0684P1.swc,pyramidal,689,1.000000,1.000000,1.000000,1.000000,1.000000,1.000000,1,46,287,355
neuromorpho__g0704P1.swc,pyramidal,2918,1.000000,1.000000,1.000000,1.000000,1.000000,1.000000,1,925,1432,560
neuromorpho__g0706P1.swc,pyramidal,4236,1.000000,1.000000,1.000000,1.000000,1.000000,1.000000,1,2502,1091,642
neuromorpho__g0715_b.swc,pyramidal,3179,0.925763,0.634000,1.000000,1.000000,0.901900,0.000000,1,1857,1321,0
neuromorpho__group1_cell10.swc,pyramidal,3862,1.000000,1.000000,1.000000,,1.000000,,1,0,3861,0
neuromorpho__group1_cell24.swc,pyramidal,2263,1.000000,1.000000,1.000000,,1.000000,,1,0,2262,0
neuromorpho__group1_cell27.swc,pyramidal,3055,0.986907,0.993400,1.000000,,0.993400,,1,40,3014,0
neuromorpho__group1_cell6.swc,pyramidal,2234,1.000000,1.000000,1.000000,,1.000000,,1,0,2233,0
neuromorpho__group2_cell19.swc,pyramidal,1751,1.000000,1.000000,1.000000,,1.000000,,1,0,1750,0
neuromorpho__group2_cell22.swc,pyramidal,1760,1.000000,1.000000,1.000000,,1.000000,,1,0,1759,0
neuromorpho__group2_cell27.swc,pyramidal,3049,0.984257,0.992100,1.000000,,0.992100,,1,48,3000,0
neuromorpho__het_1-4.swc,pyramidal,827,0.199516,0.331300,1.000000,,0.331300,,1,0,164,662
neuromorpho__het_10-2.swc,pyramidal,324,1.000000,1.000000,1.000000,,1.000000,,1,0,323,0
neuromorpho__het_10_45.swc,pyramidal,219,0.831050,0.907300,1.000000,,0.907300,,1,37,181,0
neuromorpho__het_12-2.swc,pyramidal,215,0.474419,0.641300,1.000000,,0.641300,,1,113,101,0
neuromorpho__het_12_42.swc,pyramidal,373,1.000000,1.000000,1.000000,,1.000000,,1,0,372,0
neuromorpho__het_14_33.swc,pyramidal,299,0.364548,0.532000,1.000000,,0.532000,,1,0,108,190
neuromorpho__het_15_30.swc,pyramidal,188,0.712766,0.831200,1.000000,,0.831200,,1,54,133,0
neuromorpho__het_16_30.swc,pyramidal,71,1.000000,1.000000,1.000000,,1.000000,,1,0,70,0
neuromorpho__het_2_57.swc,pyramidal,154,0.441558,0.609100,1.000000,,0.609100,,1,86,67,0
neuromorpho__het_3-2.swc,pyramidal,230,0.556522,0.713500,1.000000,,0.713500,,1,102,127,0
neuromorpho__het_3-2_18.swc,pyramidal,560,1.000000,1.000000,1.000000,,1.000000,,1,0,559,0
neuromorpho__het_4-3.swc,pyramidal,228,1.000000,1.000000,1.000000,,1.000000,,1,0,227,0
neuromorpho__het_4-6.swc,pyramidal,585,1.000000,1.000000,1.000000,,1.000000,,1,0,584,0
neuromorpho__het_5_44.swc,pyramidal,258,0.864341,0.926900,1.000000,,0.926900,,1,35,222,0
neuromorpho__het_6-2.swc,pyramidal,201,1.000000,1.000000,1.000000,,1.000000,,1,0,200,0
neuromorpho__het_7-2.swc,pyramidal,193,0.124352,0.214000,1.000000,,0.214000,,1,60,23,109
neuromorpho__het_7-2_8.swc,pyramidal,493,1.000000,1.000000,1.000000,,1.000000,,1,0,492,0
neuromorpho__het_7_40.swc,pyramidal,154,0.409091,0.576700,1.000000,,0.576700,,1,0,62,91
neuromorpho__het_8-2.swc,pyramidal,213,1.000000,1.000000,1.000000,,1.000000,,1,0,212,0
neuromorpho__het_8_38.swc,pyramidal,361,0.138504,0.239600,1.000000,,0.239600,,1,175,49,136
neuromorpho__het_9-2.swc,pyramidal,285,0.378947,0.547300,1.000000,,0.547300,,1,177,107,0
neuromorpho__hippo-102-2.swc,pyramidal,53,1.000000,1.000000,1.000000,,1.000000,,1,0,52,0
neuromorpho__hippo-102-5.swc,pyramidal,99,1.000000,1.000000,1.000000,,1.000000,,1,0,98,0
neuromorpho__hippo-104-2.swc,pyramidal,104,1.000000,1.000000,1.000000,,1.000000,,1,0,103,0
neuromorpho__hippo-104-4.swc,pyramidal,60,1.000000,1.000000,1.000000,,1.000000,,1,0,59,0
neuromorpho__hippo-104-6.swc,pyramidal,70,0.014286,0.000000,1.000000,,0.000000,,1,0,0,69
neuromorpho__hippo-1148-4new.swc,pyramidal,112,1.000000,1.000000,1.000000,,1.000000,,1,0,111,0
neuromorpho__hippo-1150-3new.swc,pyramidal,109,1.000000,1.000000,1.000000,,1.000000,,1,0,108,0
neuromorpho__hippo-1159-1new.swc,pyramidal,104,1.000000,1.000000,1.000000,,1.000000,,1,0,103,0
neuromorpho__hippo-1159-7new.swc,pyramidal,93,1.000000,1.000000,1.000000,,1.000000,,1,0,92,0
neuromorpho__hippo-116-8.swc,pyramidal,114,1.000000,1.000000,1.000000,,1.000000,,1,0,113,0
neuromorpho__hippo-117-2.swc,pyramidal,129,1.000000,1.000000,1.000000,,1.000000,,1,0,128,0
neuromorpho__hippo-117-3.swc,pyramidal,141,1.000000,1.000000,1.000000,,1.000000,,1,0,140,0
neuromorpho__hippo-163-1.swc,pyramidal,97,1.000000,1.000000,1.000000,,1.000000,,1,0,96,0
neuromorpho__hippo-163-6.swc,pyramidal,92,1.000000,1.000000,1.000000,,1.000000,,1,0,91,0
neuromorpho__hippo-168-2.swc,pyramidal,98,1.000000,1.000000,1.000000,,1.000000,,1,0,97,0
neuromorpho__hippo-168-3.swc,pyramidal,79,1.000000,1.000000,1.000000,,1.000000,,1,0,78,0
neuromorpho__hippo-168-5.swc,pyramidal,143,1.000000,1.000000,1.000000,,1.000000,,1,0,142,0
neuromorpho__hippo-171-7.swc,pyramidal,80,1.000000,1.000000,1.000000,,1.000000,,1,0,79,0
neuromorpho__hippo-172-4.swc,pyramidal,68,1.000000,1.000000,1.000000,,1.000000,,1,0,67,0
neuromorpho__hippo-195-2.swc,pyramidal,54,1.000000,1.000000,1.000000,,1.000000,,1,0,53,0
neuromorpho__hippo-195-8.swc,pyramidal,80,1.000000,1.000000,1.000000,,1.000000,,1,0,79,0
neuromorpho__hippo-229-4.swc,pyramidal,88,1.000000,1.000000,1.000000,,1.000000,,1,0,87,0
neuromorpho__hippo-229-7.swc,pyramidal,158,1.000000,1.000000,1.000000,,1.000000,,1,0,157,0
neuromorpho__hippo-420-4.swc,pyramidal,87,1.000000,1.000000,1.000000,,1.000000,,1,0,86,0
neuromorpho__hippo-421-1.swc,pyramidal,111,1.000000,1.000000,1.000000,,1.000000,,1,0,110,0
neuromorpho__hippo-421-3.swc,pyramidal,74,1.000000,1.000000,1.000000,,1.000000,,1,0,73,0
neuromorpho__hippo-421-6.swc,pyramidal,73,1.000000,1.000000,1.000000,,1.000000,,1,0,72,0
neuromorpho__hippo-456-5.swc,pyramidal,32,1.000000,1.000000,1.000000,,1.000000,,1,0,31,0
neuromorpho__hippo-516-7.swc,pyramidal,48,1.000000,1.000000,1.000000,,1.000000,,1,0,47,0
neuromorpho__hippo-516-8.swc,pyramidal,126,1.000000,1.000000,1.000000,,1.000000,,1,0,125,0
neuromorpho__hippo-519-3.swc,pyramidal,91,1.000000,1.000000,1.000000,,1.000000,,1,0,90,0
neuromorpho__hippo-519-4.swc,pyramidal,80,1.000000,1.000000,1.000000,,1.000000,,1,0,79,0
neuromorpho__hippo-519-5.swc,pyramidal,82,1.000000,1.000000,1.000000,,1.000000,,1,0,81,0
neuromorpho__hippo-519-6.swc,pyramidal,130,1.000000,1.000000,1.000000,,1.000000,,1,0,129,0
neuromorpho__hippo-519-8.swc,pyramidal,97,1.000000,1.000000,1.000000,,1.000000,,1,0,96,0
neuromorpho__hippo-521-4.swc,pyramidal,117,1.000000,1.000000,1.000000,,1.000000,,1,0,116,0
neuromorpho__hippo-521-6.swc,pyramidal,79,1.000000,1.000000,1.000000,,1.000000,,1,0,78,0
neuromorpho__hippo-521-8.swc,pyramidal,128,1.000000,1.000000,1.000000,,1.000000,,1,0,127,0
neuromorpho__hippo-531-1.swc,pyramidal,165,1.000000,1.000000,1.000000,,1.000000,,1,0,164,0
neuromorpho__hippo-531-8.swc,pyramidal,83,1.000000,1.000000,1.000000,,1.000000,,1,0,82,0
neuromorpho__hippo-539-2.swc,pyramidal,114,1.000000,1.000000,1.000000,,1.000000,,1,0,113,0
neuromorpho__hippo-539-8.swc,pyramidal,89,1.000000,1.000000,1.000000,,1.000000,,1,0,88,0
neuromorpho__hippo-557-2.swc,pyramidal,132,1.000000,1.000000,1.000000,,1.000000,,1,0,131,0
neuromorpho__hippo-560-5.swc,pyramidal,117,1.000000,1.000000,1.000000,,1.000000,,1,0,116,0
neuromorpho__hippo-560-8.swc,pyramidal,126,1.000000,1.000000,1.000000,,1.000000,,1,0,125,0
neuromorpho__hippo-570-5.swc,pyramidal,80,1.000000,1.000000,1.000000,,1.000000,,1,0,79,0
neuromorpho__hippo-570-8.swc,pyramidal,93,1.000000,1.000000,1.000000,,1.000000,,1,0,92,0
neuromorpho__hippo-858-3.swc,pyramidal,63,1.000000,1.000000,1.000000,,1.000000,,1,0,62,0
neuromorpho__hippo-858-6.swc,pyramidal,72,1.000000,1.000000,1.000000,,1.000000,,1,0,71,0
neuromorpho__hippo169-2.swc,pyramidal,92,1.000000,1.000000,1.000000,,1.000000,,1,0,91,0
neuromorpho__hippo223-3.swc,pyramidal,146,1.000000,1.000000,1.000000,,1.000000,,1,0,145,0
neuromorpho__hippo223-6.swc,pyramidal,210,1.000000,1.000000,1.000000,,1.000000,,1,0,209,0
neuromorpho__hippo284-1.swc,pyramidal,220,1.000000,1.000000,1.000000,,1.000000,,1,0,219,0
neuromorpho__hippo284-6.swc,pyramidal,105,1.000000,1.000000,1.000000,,1.000000,,1,0,104,0
neuromorpho__hippo285-3.swc,pyramidal,89,1.000000,1.000000,1.000000,,1.000000,,1,0,88,0
neuromorpho__hippo286-3.swc,pyramidal,94,1.000000,1.000000,1.000000,,1.000000,,1,0,93,0
neuromorpho__hippo286-7.swc,pyramidal,127,1.000000,1.000000,1.000000,,1.000000,,1,0,126,0
neuromorpho__hippo303-4.swc,pyramidal,115,1.000000,1.000000,1.000000,,1.000000,,1,0,114,0
neuromorpho__hippo305-6.swc,pyramidal,93,1.000000,1.000000,1.000000,,1.000000,,1,0,92,0
neuromorpho__hippo367-2.swc,pyramidal,105,1.000000,1.000000,1.000000,,1.000000,,1,0,104,0
neuromorpho__hippo367-3.swc,pyramidal,72,1.000000,1.000000,1.000000,,1.000000,,1,0,71,0
neuromorpho__hippo370-2.swc,pyramidal,148,1.000000,1.000000,1.000000,,1.000000,,1,0,147,0
neuromorpho__hippo370-5.swc,pyramidal,97,1.000000,1.000000,1.000000,,1.000000,,1,0,96,0
neuromorpho__hippo417-2.swc,pyramidal,75,1.000000,1.000000,1.000000,,1.000000,,1,0,74,0
neuromorpho__hippo417-7.swc,pyramidal,189,1.000000,1.000000,1.000000,,1.000000,,1,0,188,0
neuromorpho__i03537.swc,pyramidal,1524,0.896982,0.576000,1.000000,1.000000,0.727900,0.000000,1,1156,367,0
neuromorpho__iPRCp_03.swc,pyramidal,8350,1.000000,1.000000,1.000000,,1.000000,1.000000,1,0,3653,4696
neuromorpho__iPRCp_06.swc,pyramidal,6887,1.000000,1.000000,1.000000,,1.000000,1.000000,1,0,2920,3966
neuromorpho__iPRCp_07.swc,pyramidal,7647,1.000000,1.000000,1.000000,,1.000000,1.000000,1,0,3262,4384
neuromorpho__iPRCp_09.swc,pyramidal,9756,0.126179,0.112000,1.000000,,0.223900,0.000000,1,0,3122,6633
neuromorpho__iPRCp_10.swc,pyramidal,6882,1.000000,1.000000,1.000000,,1.000000,1.000000,1,0,2701,4180
neuromorpho__jerry-15.swc,pyramidal,253,1.000000,1.000000,1.000000,,1.000000,,1,0,252,0
neuromorpho__jerry-16.swc,pyramidal,186,1.000000,1.000000,1.000000,,1.000000,,1,0,185,0
neuromorpho__jerry-18.swc,pyramidal,239,1.000000,1.000000,1.000000,,1.000000,,1,0,238,0
neuromorpho__jerry-2.swc,pyramidal,294,1.000000,1.000000,1.000000,,1.000000,,1,0,293,0
neuromorpho__jerry-6.swc,pyramidal,268,1.000000,1.000000,1.000000,,1.000000,,1,0,267,0
neuromorpho__jerry-9.swc,pyramidal,188,1.000000,1.000000,1.000000,,1.000000,,1,0,187,0
neuromorpho__ko20x-02.swc,pyramidal,206,1.000000,1.000000,1.000000,,1.000000,1.000000,1,0,92,113
neuromorpho__ko20x-08.swc,pyramidal,131,0.954198,0.976200,1.000000,,0.952400,1.000000,1,6,60,64
neuromorpho__m1s2s7t-d-mid.swc,pyramidal,280,0.450000,0.309400,1.000000,,0.618800,0.000000,1,0,279,0
neuromorpho__m3s4s4b-med-deep.swc,pyramidal,234,1.000000,1.000000,1.000000,,1.000000,1.000000,1,0,39,194
neuromorpho__mPFC_w1_L3_01.swc,pyramidal,2540,0.317323,0.255700,1.000000,0.000000,0.767000,0.000000,1,7,1287,1245
neuromorpho__mPFC_w1_L3_03.swc,pyramidal,1293,0.781129,0.592100,1.000000,0.000000,0.776300,1.000000,1,0,774,518
neuromorpho__mPFC_w1_L5_01.swc,pyramidal,3065,1.000000,1.000000,1.000000,1.000000,1.000000,1.000000,1,33,1169,1862
neuromorpho__mPFC_w1_L5_04.swc,pyramidal,1761,0.800114,0.564100,1.000000,0.000000,0.692300,1.000000,1,0,748,1012
neuromorpho__mPFC_w1_L5_06.swc,pyramidal,1579,1.000000,1.000000,1.000000,,1.000000,1.000000,1,0,559,1019
neuromorpho__mPFC_w2_L3_03.swc,pyramidal,1080,0.986111,0.991000,1.000000,,0.982100,1.000000,1,15,411,653
neuromorpho__mPFC_w2_L3_06.swc,pyramidal,1124,0.990214,0.995700,1.000000,,0.991500,1.000000,1,11,638,474
neuromorpho__mPFC_w2_L3_07.swc,pyramidal,856,1.000000,1.000000,1.000000,,1.000000,1.000000,1,0,432,423
neuromorpho__mPFC_w2_L5_01.swc,pyramidal,3202,1.000000,1.000000,1.000000,1.000000,1.000000,1.000000,1,53,1402,1746
neuromorpho__mPFC_w2_L5_06.swc,pyramidal,1758,1.000000,1.000000,1.000000,,1.000000,1.000000,1,0,485,1272
neuromorpho__mPFC_w2_L5_09.swc,pyramidal,1716,0.997086,0.997900,1.000000,,0.995800,1.000000,1,5,590,1120
neuromorpho__ms87_slice3.swc,pyramidal,3350,1.000000,1.000000,1.000000,,1.000000,,1,0,3349,0
neuromorpho__ms90_slice3.swc,pyramidal,6088,1.000000,1.000000,1.000000,,1.000000,,1,0,6087,0
neuromorpho__n120.swc,pyramidal,2619,1.000000,1.000000,1.000000,,1.000000,1.000000,1,0,1776,842
neuromorpho__n121.swc,pyramidal,4059,0.961813,0.954400,1.000000,,0.936100,0.972800,1,0,1290,2768
neuromorpho__n123.swc,pyramidal,5054,1.000000,1.000000,1.000000,,1.000000,1.000000,1,0,1760,3293
neuromorpho__n129.swc,pyramidal,2063,0.953466,0.948900,1.000000,,0.925000,0.972700,1,19,669,1374
neuromorpho__n12fts.swc,pyramidal,2657,0.451261,0.621700,1.000000,,0.621700,,1,1458,1198,0
neuromorpho__n141.swc,pyramidal,8110,0.987176,0.985600,1.000000,,0.980900,0.990400,1,0,2768,5341
neuromorpho__n173.swc,pyramidal,4011,1.000000,1.000000,1.000000,,1.000000,1.000000,1,0,1800,2210
neuromorpho__n178.swc,pyramidal,4516,0.587245,0.500000,1.000000,,0.000000,1.000000,1,1864,0,2651
neuromorpho__n179.swc,pyramidal,11861,0.940646,0.921800,1.000000,,0.883400,0.960200,1,0,3371,8489
neuromorpho__n183.swc,pyramidal,5385,1.000000,1.000000,1.000000,1.000000,1.000000,1.000000,1,1323,806,3255
neuromorpho__n18fts.swc,pyramidal,1372,0.603499,0.752500,1.000000,,0.752500,,1,544,827,0
neuromorpho__n19fts.swc,pyramidal,2385,0.993291,0.996600,1.000000,,0.996600,,1,16,2368,0
neuromorpho__n23fts.swc,pyramidal,2814,0.608387,0.756400,1.000000,,0.756400,,1,1102,1711,0
neuromorpho__n25fts.swc,pyramidal,1245,0.982329,0.991100,1.000000,,0.991100,,1,22,1222,0
neuromorpho__n27fts.swc,pyramidal,2046,1.000000,1.000000,1.000000,,1.000000,,1,0,2045,0
neuromorpho__n419.swc,pyramidal,4216,1.000000,1.000000,1.000000,,1.000000,1.000000,1,0,1661,2554
neuromorpho__n5fts.swc,pyramidal,954,0.422432,0.593400,1.000000,,0.593400,,1,551,402,0
neuromorpho__n8fts.swc,pyramidal,797,0.938519,0.968200,1.000000,,0.968200,,1,49,747,0
neuromorpho__n9fts.swc,pyramidal,2166,0.632964,0.775100,1.000000,,0.775100,,1,795,1370,0
neuromorpho__neuron-1-2_1.swc,pyramidal,662,1.000000,1.000000,1.000000,,1.000000,,1,0,661,0
neuromorpho__neuron-1-2_4.swc,pyramidal,820,0.700000,0.823300,1.000000,,0.823300,,1,0,573,246
neuromorpho__neuron-4_1.swc,pyramidal,1961,1.000000,1.000000,1.000000,,1.000000,,1,0,1960,0
neuromorpho__oi24rpy1-1.swc,pyramidal,13452,1.000000,1.000000,1.000000,1.000000,1.000000,1.000000,1,7990,3883,1578
neuromorpho__omega-10.swc,pyramidal,265,1.000000,1.000000,1.000000,,1.000000,,1,0,264,0
neuromorpho__omega-11.swc,pyramidal,296,1.000000,1.000000,1.000000,,1.000000,,1,0,295,0
neuromorpho__omega-13.swc,pyramidal,208,1.000000,1.000000,1.000000,,1.000000,,1,0,207,0
neuromorpho__omega-15.swc,pyramidal,156,1.000000,1.000000,1.000000,,1.000000,,1,0,155,0
neuromorpho__omega-19.swc,pyramidal,317,1.000000,1.000000,1.000000,,1.000000,,1,0,316,0
neuromorpho__omega-2.swc,pyramidal,237,0.658228,0.792800,1.000000,,0.792800,,1,81,155,0
neuromorpho__omega-8.swc,pyramidal,186,1.000000,1.000000,1.000000,,1.000000,,1,0,185,0
neuromorpho__omega-9.swc,pyramidal,320,1.000000,1.000000,1.000000,,1.000000,,1,0,319,0
neuromorpho__rod-cnf-25.swc,pyramidal,53,0.698113,0.409100,1.000000,,0.818200,0.000000,1,0,52,0
neuromorpho__rod-cnf-4.swc,pyramidal,112,0.803571,0.445000,1.000000,,0.890000,0.000000,1,0,111,0
neuromorpho__sigma.swc,pyramidal,143,1.000000,1.000000,1.000000,,1.000000,,1,0,142,0
neuromorpho__tom-1.swc,pyramidal,194,1.000000,1.000000,1.000000,,1.000000,,1,0,193,0
neuromorpho__tom-3.swc,pyramidal,160,1.000000,1.000000,1.000000,,1.000000,,1,0,159,0
neuromorpho__traced-WT-Female-cortex-122-2b.swc,pyramidal,78,1.000000,1.000000,1.000000,,1.000000,,1,0,77,0
neuromorpho__traced-WT-Female-cortex-122-5.swc,pyramidal,92,1.000000,1.000000,1.000000,,1.000000,,1,0,91,0
neuromorpho__traced-WT-Female-cortex-146-6.swc,pyramidal,58,1.000000,1.000000,1.000000,,1.000000,,1,0,57,0
neuromorpho__traced-WT-Female-cortex-152-4.swc,pyramidal,81,1.000000,1.000000,1.000000,,1.000000,,1,0,80,0
neuromorpho__traced-WT-Female-cortex-181-6.swc,pyramidal,53,1.000000,1.000000,1.000000,,1.000000,,1,0,52,0
neuromorpho__traced-WT-Female-cortex-96-1.swc,pyramidal,133,1.000000,1.000000,1.000000,,1.000000,,1,0,132,0
neuromorpho__traced-WT-male-cortex-124-1.swc,pyramidal,95,1.000000,1.000000,1.000000,,1.000000,,1,0,94,0
neuromorpho__traced-WT-male-cortex-124-5.swc,pyramidal,99,1.000000,1.000000,1.000000,,1.000000,,1,0,98,0
neuromorpho__traced-WT-male-cortex-147-10.swc,pyramidal,66,1.000000,1.000000,1.000000,,1.000000,,1,0,65,0
neuromorpho__traced-WT-male-cortex-147-8c.swc,pyramidal,75,1.000000,1.000000,1.000000,,1.000000,,1,0,74,0
neuromorpho__veh02.swc,pyramidal,53,0.924528,0.500000,1.000000,,1.000000,0.000000,1,4,48,0
neuromorpho__wt20x-10.swc,pyramidal,196,1.000000,1.000000,1.000000,,1.000000,1.000000,1,0,93,102
neuromorpho__wt20x-13.swc,pyramidal,262,1.000000,1.000000,1.000000,,1.000000,1.000000,1,0,175,86
neuromorpho__wt20x-17.swc,pyramidal,128,0.953125,0.978300,1.000000,,0.956500,1.000000,1,6,66,55
neuromorpho__wt20x-18.swc,pyramidal,165,0.951515,0.958300,1.000000,,0.916700,1.000000,1,8,44,112
allen__Chat-IRES-Cre-neo_Ai14-307622.05.02.01_575774870.swc,interneuron,7562,0.999868,0.999900,1.000000,0.999900,0.999800,,1,4769,2792,0
allen__Chat-IRES-Cre-neo_Ai14-313182.05.02.01_583146274.swc,interneuron,3445,0.605515,0.377100,1.000000,0.000000,0.754200,,1,0,3444,0
allen__Chat-IRES-Cre-neo_Ai14-316042.05.01.01_586072188.swc,interneuron,4879,0.886862,0.885900,1.000000,0.896300,0.875500,,1,2937,1941,0
allen__Gad2-IRES-Cre_Ai14-324791.03.02.02_593321019.swc,interneuron,9202,1.000000,1.000000,1.000000,1.000000,1.000000,,1,8286,915,0
allen__H16.06.010.01.03.04.01_529807751.swc,interneuron,42945,1.000000,1.000000,1.000000,1.000000,1.000000,,1,38458,4486,0
allen__H17.06.005.12.12.03_571525618.swc,interneuron,8146,0.948195,0.919900,1.000000,0.967500,0.872400,,1,6703,1442,0
allen__H17.06.009.11.04.03_596028822.swc,interneuron,7561,1.000000,1.000000,1.000000,1.000000,1.000000,,1,6908,652,0
allen__H17.06.009.11.04.04_596036453.swc,interneuron,8523,1.000000,1.000000,1.000000,1.000000,1.000000,,1,6716,1806,0
allen__H17.06.013.12.03.01_643572206.swc,interneuron,4016,1.000000,1.000000,1.000000,1.000000,1.000000,,1,3417,598,0
allen__H17.06.013.12.03.02_643575207.swc,interneuron,17642,1.000000,1.000000,1.000000,1.000000,1.000000,,1,14234,3407,0
allen__Htr3a-Cre_NO152_Ai14-288785.03.02.01_561985849.swc,interneuron,14318,1.000000,1.000000,1.000000,1.000000,1.000000,,1,11469,2848,0
allen__Ndnf-IRES2-dgCre_Ai14-292673.05.01.01_564346637.swc,interneuron,19022,1.000000,1.000000,1.000000,1.000000,1.000000,,1,16503,2518,0
allen__Nkx2-1-CreERT2_Ai14_(IVSCC)-294491.03.01.01_566541912.swc,interneuron,15864,1.000000,1.000000,1.000000,1.000000,1.000000,,1,14882,981,0
allen__Nos1-CreERT2_Sst-IRES-FlpO_Ai65-271577.05.02.01_547262585.swc,interneuron,12546,1.000000,1.000000,1.000000,1.000000,1.000000,,1,10647,1898,0
allen__Oxtr-2A-Cre_Ai14-293839.02.02.02_565415071.swc,interneuron,20203,0.995595,0.988300,1.000000,0.997500,0.979100,,1,18118,2084,0
allen__Oxtr-2A-Cre_Ai14-293839.06.01.01_565417112.swc,interneuron,17268,1.000000,1.000000,1.000000,1.000000,1.000000,,1,15710,1557,0
allen__Oxtr-2A-Cre_Ai14-293841.05.02.01_565462089.swc,interneuron,16822,0.999941,0.999800,1.000000,1.000000,0.999700,,1,14966,1855,0
allen__Oxtr-T2A-Cre_Ai14-314785.03.01.02_584231995.swc,interneuron,8969,0.970119,0.959500,1.000000,0.980200,0.938700,,1,6915,2053,0
allen__Pvalb-IRES-Cre_Ai14-305768.04.02.01_574992320.swc,interneuron,15264,1.000000,1.000000,1.000000,1.000000,1.000000,,1,12964,2299,0
allen__Sst-IRES-Cre_Ai14-306888.04.02.01_575642695.swc,interneuron,10066,1.000000,1.000000,1.000000,1.000000,1.000000,,1,7748,2317,0
allen__Vip-IRES-Cre_Ai14-299123.04.01.01_570896413.swc,interneuron,4684,0.999573,0.999500,1.000000,0.999700,0.999400,,1,3032,1651,0
allen__Vipr2-IRES2-Cre_Slc32a1-T2A-FlpO_Ai65-315067.05.01.01_585805211.swc,interneuron,11008,1.000000,1.000000,1.000000,1.000000,1.000000,,1,8891,2116,0
neuromorpho__011618Bc1_dendrites.swc,interneuron,2195,1.000000,1.000000,1.000000,,1.000000,,1,0,2194,0
neuromorpho__020414-pos-div14-cs3.swc,interneuron,4249,1.000000,1.000000,1.000000,,1.000000,,1,0,4248,0
neuromorpho__020801-2-ST.swc,interneuron,3598,1.000000,1.000000,1.000000,1.000000,1.000000,,1,2668,929,0
neuromorpho__021518Bc2_dendrites.swc,interneuron,3346,1.000000,1.000000,1.000000,,1.000000,,1,0,3345,0
neuromorpho__03-10-14-A.swc,interneuron,1584,0.889520,0.470700,1.000000,0.000000,0.941500,,1,0,1583,0
neuromorpho__03-27-01-3wideArbor.swc,interneuron,21099,1.000000,1.000000,1.000000,1.000000,1.000000,,1,19285,1813,0
neuromorpho__030225-4-PV.swc,interneuron,5667,1.000000,1.000000,1.000000,1.000000,1.000000,,1,4641,1025,0
neuromorpho__04-17-01-4doubleBouquet.swc,interneuron,32729,1.000000,1.000000,1.000000,1.000000,1.000000,,1,30363,2365,0
neuromorpho__04090220001.swc,interneuron,4291,1.000000,1.000000,1.000000,,1.000000,,1,0,4290,0
neuromorpho__05-26-00-s2localArbor.swc,interneuron,14894,1.000000,1.000000,1.000000,1.000000,1.000000,,1,11598,3295,0
neuromorpho__051217_cell1_L1.swc,interneuron,3331,1.000000,1.000000,1.000000,1.000000,1.000000,,1,2604,726,0
neuromorpho__06-02-19A-03-cell-2.swc,interneuron,1030,1.000000,1.000000,1.000000,,1.000000,,1,0,1029,0
neuromorpho__06-02-19A-03-cell-3.swc,interneuron,3374,1.000000,1.000000,1.000000,,1.000000,,1,0,3373,0
neuromorpho__0604018001.swc,interneuron,665,1.000000,1.000000,1.000000,,1.000000,,1,0,664,0
neuromorpho__060404a_zd.swc,interneuron,5908,0.774374,0.872800,1.000000,,0.872800,,1,1333,4574,0
neuromorpho__061217_cell2_L1.swc,interneuron,5387,0.964730,0.559200,1.000000,0.982000,0.136400,,1,5371,15,0
neuromorpho__061218Bc1_dendrites.swc,interneuron,2937,1.000000,1.000000,1.000000,,1.000000,,1,0,2936,0
neuromorpho__07-07-00-3mediumArbor.swc,interneuron,8928,1.000000,1.000000,1.000000,1.000000,1.000000,,1,7803,1124,0
neuromorpho__07050100002.swc,interneuron,1529,1.000000,1.000000,1.000000,,1.000000,,1,0,1528,0
neuromorpho__081017Bc1_OFF-OS-AC.swc,interneuron,3757,1.000000,1.000000,1.000000,,1.000000,,1,0,3756,0
neuromorpho__082203a.swc,interneuron,2857,1.000000,1.000000,1.000000,,1.000000,,1,0,2856,0
neuromorpho__10-04-01-4doubleBouquet.swc,interneuron,6020,1.000000,1.000000,1.000000,1.000000,1.000000,,1,5132,887,0
neuromorpho__10-PKCd-3d-trace.swc,interneuron,1219,1.000000,1.000000,1.000000,,1.000000,,1,0,1218,0
neuromorpho__100203b.swc,interneuron,7027,0.268393,0.423100,1.000000,,0.423100,,1,5141,1885,0
neuromorpho__100803a.swc,interneuron,1854,1.000000,1.000000,1.000000,,1.000000,,1,0,1853,0
neuromorpho__10N1-8162019-fcfc2a.swc,interneuron,2877,1.000000,1.000000,1.000000,,1.000000,,1,0,2876,0
neuromorpho__10N23DAT8-50717GFPwta_fcfc11A.swc,interneuron,1875,1.000000,1.000000,1.000000,,1.000000,,1,0,1874,0
neuromorpho__10N23DAT8-50717GFPwta_fcfc1a1.swc,interneuron,4717,1.000000,1.000000,1.000000,,1.000000,,1,0,4716,0
neuromorpho__10N23DAT8-50717GFPwta_fcfc4a.swc,interneuron,2458,1.000000,1.000000,1.000000,,1.000000,,1,0,2457,0
neuromorpho__10N23DAT8-50717GFPwta_fcfc6a.swc,interneuron,2032,1.000000,1.000000,1.000000,,1.000000,,1,0,2031,0
neuromorpho__10N23DAT8-50717GFPwta_fcfc9a.swc,interneuron,1820,1.000000,1.000000,1.000000,,1.000000,,1,0,1819,0
neuromorpho__10N23DAT8-50717GFPwta_wt1a.swc,interneuron,1687,1.000000,1.000000,1.000000,,1.000000,,1,0,1686,0
neuromorpho__10N23DAT8-50717GFPwta_wt62.swc,interneuron,4083,1.000000,1.000000,1.000000,,1.000000,,1,0,4082,0
neuromorpho__10N23DAT8-50717GFPwta_wt63.swc,interneuron,2795,1.000000,1.000000,1.000000,,1.000000,,1,0,2794,0
neuromorpho__10N23DAT8-50717GFPwta_wt65.swc,interneuron,1796,1.000000,1.000000,1.000000,,1.000000,,1,0,1795,0
neuromorpho__10N23DAT8-50717GFPwta_wt9a.swc,interneuron,2827,1.000000,1.000000,1.000000,,1.000000,,1,0,2826,0
neuromorpho__10N4-8162019-b_fcfc6a.swc,interneuron,5245,1.000000,1.000000,1.000000,,1.000000,,1,0,5244,0
neuromorpho__10N4-8162019-b_fcfc8A.swc,interneuron,1570,1.000000,1.000000,1.000000,,1.000000,,1,0,1569,0
neuromorpho__10N4-8162019-b_wt1a.swc,interneuron,2257,1.000000,1.000000,1.000000,,1.000000,,1,0,2256,0
neuromorpho__110412-s3-2.swc,interneuron,21668,1.000000,1.000000,1.000000,1.000000,1.000000,,1,21451,216,0
neuromorpho__12-PKCd-real-correct-3d-file-use-this-one.swc,interneuron,947,1.000000,1.000000,1.000000,,1.000000,,1,0,946,0
neuromorpho__12N5-8162019-b-wt1a.swc,interneuron,4908,1.000000,1.000000,1.000000,,1.000000,,1,0,4907,0
neuromorpho__12N5-8162019-b_tile3-fcfc5a.swc,interneuron,1411,1.000000,1.000000,1.000000,,1.000000,,1,0,1410,0
neuromorpho__12N7-8162019-b-wt1a.swc,interneuron,3276,1.000000,1.000000,1.000000,,1.000000,,1,0,3275,0
neuromorpho__12N7-8162019-b_fcfc3a.swc,interneuron,2837,1.000000,1.000000,1.000000,,1.000000,,1,0,2836,0
neuromorpho__13-1-15-A-A2.swc,interneuron,4588,1.000000,1.000000,1.000000,1.000000,1.000000,,1,4223,364,0
neuromorpho__139-05-cell-1-analysis.swc,interneuron,532,0.827068,0.905200,1.000000,,0.905200,,1,92,439,0
neuromorpho__141-08-cell-1-analysis.swc,interneuron,495,1.000000,1.000000,1.000000,,1.000000,,1,0,494,0
neuromorpho__141113c1.swc,interneuron,14377,1.000000,1.000000,1.000000,1.000000,1.000000,,1,13174,1202,0
neuromorpho__143-06-cell-1-analysis.swc,interneuron,1699,1.000000,1.000000,1.000000,,1.000000,,1,0,1698,0
neuromorpho__143-07-cell-1-analysis.swc,interneuron,1827,1.000000,1.000000,1.000000,,1.000000,,1,0,1826,0
neuromorpho__14Feb2019-exp-5_53-rpt-188-1010.swc,interneuron,2669,1.000000,1.000000,1.000000,,1.000000,,1,0,2668,0
neuromorpho__14Feb2019-exp-5_53-rpt-scr-1006.swc,interneuron,1867,1.000000,1.000000,1.000000,,1.000000,,1,0,1866,0
neuromorpho__14Feb2019-exp-5_53-rpt-scr-1007.swc,interneuron,1598,1.000000,1.000000,1.000000,,1.000000,,1,0,1597,0
neuromorpho__14Feb2019-exp-5_53-rpt-scr-1008.swc,interneuron,438,1.000000,1.000000,1.000000,,1.000000,,1,0,437,0
neuromorpho__14Feb2019-exp-5_53-rpt-scr-1010.swc,interneuron,3461,1.000000,1.000000,1.000000,,1.000000,,1,0,3460,0
neuromorpho__150217_1.swc,interneuron,5665,0.108032,1.000000,1.000000,,1.000000,,1,0,5664,0
neuromorpho__150420_2.swc,interneuron,4916,0.000203,0.000000,1.000000,,,,1,0,4915,0
neuromorpho__16-06-15-C.swc,interneuron,11914,1.000000,1.000000,1.000000,1.000000,1.000000,,1,11447,466,0
neuromorpho__160801_SAC3_007.swc,interneuron,2959,1.000000,1.000000,1.000000,,1.000000,,1,0,2958,0
neuromorpho__160817_SAC2_009_avgupdated.swc,interneuron,2008,1.000000,1.000000,1.000000,,1.000000,,1,0,2007,0
neuromorpho__161220_3.swc,interneuron,9074,0.168173,0.293500,1.000000,,0.293500,,1,7343,1730,0
neuromorpho__170511_1.swc,interneuron,11243,0.771680,1.000000,1.000000,,1.000000,,1,0,11242,0
neuromorpho__170519_SAC11updated.swc,interneuron,5494,1.000000,1.000000,1.000000,,1.000000,,1,0,5493,0
neuromorpho__170602_sac2_updated170801.swc,interneuron,5056,1.000000,1.000000,1.000000,,1.000000,,1,0,5055,0
neuromorpho__17302_00044-semi_r.swc,interneuron,3338,1.000000,1.000000,1.000000,1.000000,1.000000,,1,3030,307,0
neuromorpho__17302_00045-semi_r.swc,interneuron,1756,1.000000,1.000000,1.000000,1.000000,1.000000,,1,1531,224,0
neuromorpho__17302_00046-semi_r.swc,interneuron,1791,1.000000,1.000000,1.000000,1.000000,1.000000,,1,1558,232,0
neuromorpho__17302_00047-semi_f.swc,interneuron,3714,1.000000,1.000000,1.000000,1.000000,1.000000,,1,3613,100,0
neuromorpho__17302_00056-semi_r.swc,interneuron,2190,1.000000,1.000000,1.000000,1.000000,1.000000,,1,1957,232,0
neuromorpho__17302_00057-semi_r.swc,interneuron,3025,1.000000,1.000000,1.000000,1.000000,1.000000,,1,2714,310,0
neuromorpho__17302_00074-semi_r.swc,interneuron,2921,1.000000,1.000000,1.000000,1.000000,1.000000,,1,2637,283,0
neuromorpho__17302_00124-semi_r.swc,interneuron,3498,1.000000,1.000000,1.000000,1.000000,1.000000,,1,2947,550,0
neuromorpho__17543_00140-semi_r.swc,interneuron,2614,1.000000,1.000000,1.000000,1.000000,1.000000,,1,2370,243,0
neuromorpho__17545_00001-semi_r.swc,interneuron,3468,1.000000,1.000000,1.000000,1.000000,1.000000,,1,3014,453,0
neuromorpho__17545_00028-semi_r.swc,interneuron,2156,1.000000,1.000000,1.000000,1.000000,1.000000,,1,1812,343,0
neuromorpho__17545_00040-semi_r.swc,interneuron,2527,1.000000,1.000000,1.000000,1.000000,1.000000,,1,2278,248,0
neuromorpho__17545_00041-semi_r.swc,interneuron,1653,1.000000,1.000000,1.000000,1.000000,1.000000,,1,1271,381,0
neuromorpho__17545_00053-semi_r.swc,interneuron,3138,1.000000,1.000000,1.000000,1.000000,1.000000,,1,2883,254,0
neuromorpho__17545_00113-semi_r.swc,interneuron,2524,1.000000,1.000000,1.000000,1.000000,1.000000,,1,2260,263,0
neuromorpho__17545_00118-semi_r.swc,interneuron,2021,1.000000,1.000000,1.000000,1.000000,1.000000,,1,1770,250,0
neuromorpho__17545_00147-semi_r.swc,interneuron,2555,1.000000,1.000000,1.000000,1.000000,1.000000,,1,2211,343,0
neuromorpho__17545_00149-semi_r.swc,interneuron,2591,1.000000,1.000000,1.000000,1.000000,1.000000,,1,2318,272,0
neuromorpho__18-04-17-01.swc,interneuron,10638,0.924046,0.960500,1.000000,,0.960500,,1,808,9829,0
neuromorpho__180215_1AP_final.swc,interneuron,10189,1.000000,1.000000,1.000000,1.000000,1.000000,,1,8605,1583,0
neuromorpho__180911s3_Lstellate.swc,interneuron,238,1.000000,1.000000,1.000000,,1.000000,,1,0,237,0
neuromorpho__180921s1c1b_Lstellate.swc,interneuron,1398,0.994993,0.997500,1.000000,,0.997500,,1,7,1390,0
neuromorpho__18454_00015-semi_r.swc,interneuron,2688,1.000000,1.000000,1.000000,1.000000,1.000000,,1,2391,296,0
neuromorpho__18454_00016-semi_r.swc,interneuron,2895,1.000000,1.000000,1.000000,1.000000,1.000000,,1,2631,263,0
neuromorpho__18454_00020-semi_r.swc,interneuron,2351,1.000000,1.000000,1.000000,1.000000,1.000000,,1,2135,215,0
neuromorpho__18455_00002-semi_r.swc,interneuron,1822,1.000000,1.000000,1.000000,1.000000,1.000000,,1,1596,225,0
neuromorpho__18455_00007-semi_r.swc,interneuron,2433,1.000000,1.000000,1.000000,1.000000,1.000000,,1,2221,211,0
neuromorpho__18455_00016-semi_r.swc,interneuron,2198,1.000000,1.000000,1.000000,1.000000,1.000000,,1,2023,174,0
neuromorpho__18455_00220-semi_r.swc,interneuron,2954,1.000000,1.000000,1.000000,1.000000,1.000000,,1,2649,304,0
neuromorpho__18462_00043-semi_r.swc,interneuron,2502,1.000000,1.000000,1.000000,1.000000,1.000000,,1,2271,230,0
neuromorpho__1857-09-cell-1-analysis.swc,interneuron,581,1.000000,1.000000,1.000000,,1.000000,,1,0,580,0
neuromorpho__1857-09-cell-2-analysis.swc,interneuron,894,1.000000,1.000000,1.000000,,1.000000,,1,0,893,0
neuromorpho__18869_4414_x15653_y4273-semi_r.swc,interneuron,3349,1.000000,1.000000,1.000000,1.000000,1.000000,,1,2990,358,0
neuromorpho__18869_4520_x23555_y8194-semi_r.swc,interneuron,4086,1.000000,1.000000,1.000000,1.000000,1.000000,,1,3484,601,0
neuromorpho__18869_4722_x18329_y4110-semi_r.swc,interneuron,4201,1.000000,1.000000,1.000000,1.000000,1.000000,,1,3546,654,0
neuromorpho__18869_5692_x6534_y3440-semi_r.swc,interneuron,5265,1.000000,1.000000,1.000000,1.000000,1.000000,,1,4742,522,0
neuromorpho__19-02-19A-02-cell-1.swc,interneuron,4103,1.000000,1.000000,1.000000,,1.000000,,1,0,4102,0
neuromorpho__19-02-19A-03-cell-1.swc,interneuron,3823,1.000000,1.000000,1.000000,,1.000000,,1,0,3822,0
neuromorpho__19-02-19A-03-cell-2.swc,interneuron,6497,1.000000,1.000000,1.000000,,1.000000,,1,0,6496,0
neuromorpho__19-02-19A-06-cell-1.swc,interneuron,5554,1.000000,1.000000,1.000000,,1.000000,,1,0,5553,0
neuromorpho__19-02-19A-14-cell-2.swc,interneuron,2129,1.000000,1.000000,1.000000,,1.000000,,1,0,2128,0
neuromorpho__19-02-19B-01-cell3.swc,interneuron,3826,1.000000,1.000000,1.000000,,1.000000,,1,0,3825,0
neuromorpho__190131_C7.swc,interneuron,35096,1.000000,1.000000,1.000000,1.000000,1.000000,,1,27113,7982,0
neuromorpho__190618_e740-2_nosection.swc,interneuron,4454,1.000000,1.000000,1.000000,,1.000000,,1,0,4453,0
neuromorpho__19sept2014c1.swc,interneuron,2245,0.484187,0.326100,1.000000,0.000000,0.652300,,1,373,1871,0
neuromorpho__20120320SC2-1.swc,interneuron,2469,1.000000,1.000000,1.000000,1.000000,1.000000,,1,2084,384,0
neuromorpho__2016-08-11-slice-3-cell-7-rotated.swc,interneuron,19344,1.000000,1.000000,1.000000,1.000000,1.000000,,1,16433,2910,0
neuromorpho__2016-13-08-slice-2-cell-2-rotated.swc,interneuron,15186,1.000000,1.000000,1.000000,1.000000,1.000000,,1,12750,2435,0
neuromorpho__2016-20-10-slice-4-cell-2-rotated.swc,interneuron,23171,1.000000,1.000000,1.000000,1.000000,1.000000,,1,22751,419,0
neuromorpho__2016-30-09-slice-4-cell-8-rotated.swc,interneuron,4380,0.542694,0.351700,1.000000,0.000000,0.703500,,1,0,4379,0
neuromorpho__2017-01-09-slice-2-cell-2-rotated.swc,interneuron,6461,0.646804,0.635800,1.000000,0.698900,0.572700,,1,4931,1529,0
neuromorpho__2017-02-08-slice-3-cell-7-rotated.swc,interneuron,12991,1.000000,1.000000,1.000000,1.000000,1.000000,,1,12602,388,0
neuromorpho__2017-04-07-slice-2-cell-6-rotated.swc,interneuron,30629,1.000000,1.000000,1.000000,1.000000,1.000000,,1,25547,5081,0
neuromorpho__2017-06-03-slice-5-cell-7-rotated.swc,interneuron,16867,1.000000,1.000000,1.000000,1.000000,1.000000,,1,15814,1052,0
neuromorpho__2017-06-08-slice-3-cell-7-rotated.swc,interneuron,12953,1.000000,1.000000,1.000000,1.000000,1.000000,,1,6090,6862,0
neuromorpho__2017-07-09-slice-3-cell-2-rotated.swc,interneuron,6818,1.000000,1.000000,1.000000,1.000000,1.000000,,1,6659,158,0
neuromorpho__2017-12-09-slice-1-cell-7-rotated.swc,interneuron,17064,1.000000,1.000000,1.000000,1.000000,1.000000,,1,13823,3240,0
neuromorpho__2017-15-02-slice-3-cell-2-rotated.swc,interneuron,21013,1.000000,1.000000,1.000000,1.000000,1.000000,,1,19811,1201,0
neuromorpho__2017-15-12-slice-3-cell-3-rotated.swc,interneuron,8456,1.000000,1.000000,1.000000,1.000000,1.000000,,1,7919,536,0
neuromorpho__2017-16-10-slice-3-cell-2-rotated.swc,interneuron,16910,1.000000,1.000000,1.000000,1.000000,1.000000,,1,16389,520,0
neuromorpho__2017-17-04-slice-1-cell-7-rotated.swc,interneuron,42764,1.000000,1.000000,1.000000,1.000000,1.000000,,1,38409,4354,0
neuromorpho__2017-17-07-slice-3-cell-2-rotated.swc,interneuron,24163,1.000000,1.000000,1.000000,1.000000,1.000000,,1,23351,811,0
neuromorpho__2017-18-07-slice-1-cell-7-rotated.swc,interneuron,30525,1.000000,1.000000,1.000000,1.000000,1.000000,,1,26453,4071,0
neuromorpho__2017-18-10-slice-1-cell-6-rotated.swc,interneuron,38823,1.000000,1.000000,1.000000,1.000000,1.000000,,1,35155,3667,0
neuromorpho__2017-19-09-slice-3-cell-2-rotated.swc,interneuron,39657,1.000000,1.000000,1.000000,1.000000,1.000000,,1,34500,5156,0
neuromorpho__2017-28-04-slice-2-cell-2-rotated.swc,interneuron,69179,1.000000,1.000000,1.000000,1.000000,1.000000,,1,68042,1136,0
neuromorpho__20180327_sample_1.swc,interneuron,4567,1.000000,1.000000,1.000000,1.000000,1.000000,,1,4451,115,0
neuromorpho__20180411_sample_4.swc,interneuron,8950,1.000000,1.000000,1.000000,1.000000,1.000000,,1,7882,1067,0
neuromorpho__20180425_sample_8.swc,interneuron,4047,1.000000,1.000000,1.000000,,1.000000,,1,0,4046,0
neuromorpho__20180607-60L5-1-2-300-00-291-21-46.swc,interneuron,539,1.000000,1.000000,1.000000,,1.000000,,1,0,538,0
neuromorpho__20180607-L1R2-1-1-525-00-79-10-42.swc,interneuron,575,1.000000,1.000000,1.000000,,1.000000,,1,0,574,0
neuromorpho__20180607-L1R2-1-3-327-83-270-31-28.swc,interneuron,376,1.000000,1.000000,1.000000,,1.000000,,1,0,375,0
neuromorpho__20180607-L1R2-1-4-320-31-276-07-19.swc,interneuron,739,1.000000,1.000000,1.000000,,1.000000,,1,0,738,0
neuromorpho__20180607-L1R2-2-2-472-55-109-47-40.swc,interneuron,565,1.000000,1.000000,1.000000,,1.000000,,1,0,564,0
neuromorpho__20180607-L1R2-7-1-341-33-142-00-12.swc,interneuron,503,1.000000,1.000000,1.000000,,1.000000,,1,0,502,0
neuromorpho__20180705_sample_1.swc,interneuron,4422,1.000000,1.000000,1.000000,1.000000,1.000000,,1,4367,54,0
neuromorpho__20180717_sample_3.swc,interneuron,5524,1.000000,1.000000,1.000000,1.000000,1.000000,,1,4849,674,0
neuromorpho__20180725_sample_9.swc,interneuron,3349,1.000000,1.000000,1.000000,1.000000,1.000000,,1,2638,710,0
neuromorpho__20180820_sample_4.swc,interneuron,3189,1.000000,1.000000,1.000000,1.000000,1.000000,,1,2943,245,0
neuromorpho__20180822_sample_6.swc,interneuron,4044,1.000000,1.000000,1.000000,1.000000,1.000000,,1,4020,23,0
neuromorpho__20180829_sample_2.swc,interneuron,3342,1.000000,1.000000,1.000000,1.000000,1.000000,,1,2376,965,0
neuromorpho__20180911_sample_3.swc,interneuron,2460,1.000000,1.000000,1.000000,1.000000,1.000000,,1,1940,519,0
neuromorpho__20181004_sample_8.swc,interneuron,2523,1.000000,1.000000,1.000000,1.000000,1.000000,,1,2386,136,0
neuromorpho__20181112_sample_8.swc,interneuron,1750,1.000000,1.000000,1.000000,1.000000,1.000000,,1,1252,497,0
neuromorpho__20181127_sample_7.swc,interneuron,5526,1.000000,1.000000,1.000000,1.000000,1.000000,,1,3823,1702,0
neuromorpho__20190110_sample_4.swc,interneuron,8414,1.000000,1.000000,1.000000,1.000000,1.000000,,1,8267,146,0
neuromorpho__20190122_sample_5.swc,interneuron,4379,1.000000,1.000000,1.000000,1.000000,1.000000,,1,4129,249,0
neuromorpho__20190128_sample_4.swc,interneuron,5088,1.000000,1.000000,1.000000,1.000000,1.000000,,1,5013,74,0
neuromorpho__20190130_sample_10.swc,interneuron,7003,1.000000,1.000000,1.000000,1.000000,1.000000,,1,6901,101,0
neuromorpho__20190130_sample_3.swc,interneuron,13391,1.000000,1.000000,1.000000,1.000000,1.000000,,1,12409,981,0
neuromorpho__20190205_sample_4.swc,interneuron,2907,1.000000,1.000000,1.000000,1.000000,1.000000,,1,1809,1097,0
neuromorpho__20190211_sample_3.swc,interneuron,8926,1.000000,1.000000,1.000000,1.000000,1.000000,,1,6808,2117,0
neuromorpho__20190212_sample_6.swc,interneuron,8083,1.000000,1.000000,1.000000,1.000000,1.000000,,1,6471,1611,0
neuromorpho__20190214_sample_1.swc,interneuron,4239,1.000000,1.000000,1.000000,1.000000,1.000000,,1,4080,158,0
neuromorpho__20190214_sample_6.swc,interneuron,8671,1.000000,1.000000,1.000000,1.000000,1.000000,,1,7705,965,0
neuromorpho__20190214_sample_9.swc,interneuron,11233,1.000000,1.000000,1.000000,1.000000,1.000000,,1,11158,74,0
neuromorpho__20190226_sample_9.swc,interneuron,6709,1.000000,1.000000,1.000000,1.000000,1.000000,,1,6169,539,0
neuromorpho__20190318_sample_6.swc,interneuron,6022,1.000000,1.000000,1.000000,1.000000,1.000000,,1,5211,810,0
neuromorpho__20190408_sample_5.swc,interneuron,13265,1.000000,1.000000,1.000000,1.000000,1.000000,,1,11235,2029,0
neuromorpho__20190408_sample_6.swc,interneuron,3688,1.000000,1.000000,1.000000,1.000000,1.000000,,1,3301,386,0
neuromorpho__20190415_sample_1.swc,interneuron,7383,1.000000,1.000000,1.000000,1.000000,1.000000,,1,4281,3101,0
neuromorpho__20190416_sample_8.swc,interneuron,6562,1.000000,1.000000,1.000000,1.000000,1.000000,,1,6451,110,0
neuromorpho__20190418_sample_8.swc,interneuron,272,1.000000,1.000000,1.000000,,1.000000,,1,0,271,0
neuromorpho__20190423_sample_8.swc,interneuron,6713,1.000000,1.000000,1.000000,1.000000,1.000000,,1,5620,1092,0
neuromorpho__20190424_sample_2.swc,interneuron,8680,1.000000,1.000000,1.000000,1.000000,1.000000,,1,7641,1038,0
neuromorpho__20190424_sample_7.swc,interneuron,6686,1.000000,1.000000,1.000000,1.000000,1.000000,,1,5563,1122,0
neuromorpho__20190429_sample_1.swc,interneuron,2851,0.397755,1.000000,1.000000,,1.000000,,1,0,2850,0
neuromorpho__20190429_sample_5.swc,interneuron,8066,1.000000,1.000000,1.000000,1.000000,1.000000,,1,7294,771,0
neuromorpho__20190506_sample_2.swc,interneuron,1594,1.000000,1.000000,1.000000,,1.000000,,1,0,1593,0
neuromorpho__20190506_sample_5.swc,interneuron,638,0.866771,0.928500,1.000000,,0.928500,,1,85,552,0
neuromorpho__20190513_sample_5.swc,interneuron,5009,1.000000,1.000000,1.000000,1.000000,1.000000,,1,4160,848,0
neuromorpho__20190515_sample_12.swc,interneuron,2007,1.000000,1.000000,1.000000,,1.000000,,1,0,2006,0
neuromorpho__20190516_sample_6.swc,interneuron,6596,1.000000,1.000000,1.000000,1.000000,1.000000,,1,5007,1588,0
neuromorpho__20190528_sample_2.swc,interneuron,1808,1.000000,1.000000,1.000000,1.000000,1.000000,,1,463,1344,0
neuromorpho__20190528_sample_7.swc,interneuron,5553,1.000000,1.000000,1.000000,1.000000,1.000000,,1,4580,972,0
neuromorpho__20190603_sample_10.swc,interneuron,2052,1.000000,1.000000,1.000000,1.000000,1.000000,,1,915,1136,0
neuromorpho__20190604_sample_4.swc,interneuron,6091,1.000000,1.000000,1.000000,1.000000,1.000000,,1,3153,2937,0
neuromorpho__20190605_sample_2.swc,interneuron,3540,1.000000,1.000000,1.000000,1.000000,1.000000,,1,1988,1551,0
neuromorpho__20190611_sample_14.swc,interneuron,2341,1.000000,1.000000,1.000000,1.000000,1.000000,,1,2076,264,0
neuromorpho__20190611_sample_3.swc,interneuron,4118,1.000000,1.000000,1.000000,1.000000,1.000000,,1,3629,488,0
neuromorpho__20190612_sample_2.swc,interneuron,1736,1.000000,1.000000,1.000000,1.000000,1.000000,,1,1519,216,0
neuromorpho__20190617_sample_5.swc,interneuron,7559,1.000000,1.000000,1.000000,1.000000,1.000000,,1,6188,1370,0
neuromorpho__20190618_sample_4.swc,interneuron,2421,1.000000,1.000000,1.000000,1.000000,1.000000,,1,1936,484,0
neuromorpho__20190618_sample_5.swc,interneuron,1925,1.000000,1.000000,1.000000,1.000000,1.000000,,1,1635,289,0
neuromorpho__20190618_sample_8.swc,interneuron,9259,1.000000,1.000000,1.000000,1.000000,1.000000,,1,7049,2209,0
neuromorpho__20190619_sample_5.swc,interneuron,6806,1.000000,1.000000,1.000000,1.000000,1.000000,,1,6151,654,0
neuromorpho__20190620_sample_1.swc,interneuron,15833,1.000000,1.000000,1.000000,1.000000,1.000000,,1,12654,3178,0
neuromorpho__20190626_sample_1.swc,interneuron,3579,1.000000,1.000000,1.000000,1.000000,1.000000,,1,3110,468,0
neuromorpho__20190628_sample_6.swc,interneuron,2981,1.000000,1.000000,1.000000,1.000000,1.000000,,1,2375,605,0
neuromorpho__20190703_sample_1.swc,interneuron,6090,1.000000,1.000000,1.000000,1.000000,1.000000,,1,5325,764,0
neuromorpho__20190703_sample_2.swc,interneuron,2940,1.000000,1.000000,1.000000,1.000000,1.000000,,1,2849,90,0
neuromorpho__20190715_sample_4.swc,interneuron,3375,1.000000,1.000000,1.000000,1.000000,1.000000,,1,2228,1146,0
neuromorpho__20190725_sample_1.swc,interneuron,2204,0.973684,0.493300,1.000000,0.000000,0.986700,,1,0,2203,0
neuromorpho__20190725_sample_6.swc,interneuron,3569,1.000000,1.000000,1.000000,1.000000,1.000000,,1,2112,1456,0
neuromorpho__20190904_sample_7.swc,interneuron,3770,1.000000,1.000000,1.000000,1.000000,1.000000,,1,3069,700,0
neuromorpho__20190906_sample_1.swc,interneuron,4604,1.000000,1.000000,1.000000,1.000000,1.000000,,1,4283,320,0
neuromorpho__20190910_sample_1.swc,interneuron,4036,1.000000,1.000000,1.000000,1.000000,1.000000,,1,2623,1412,0
neuromorpho__20190910_sample_6.swc,interneuron,4384,1.000000,1.000000,1.000000,1.000000,1.000000,,1,4023,360,0
neuromorpho__20190917_sample_2.swc,interneuron,8550,1.000000,1.000000,1.000000,1.000000,1.000000,,1,7781,768,0
neuromorpho__20190925_sample_6.swc,interneuron,4780,1.000000,1.000000,1.000000,1.000000,1.000000,,1,4534,245,0
neuromorpho__20190926_sample_5.swc,interneuron,5373,1.000000,1.000000,1.000000,1.000000,1.000000,,1,4578,794,0
neuromorpho__20190927_sample_3.swc,interneuron,10048,1.000000,1.000000,1.000000,1.000000,1.000000,,1,9230,817,0
neuromorpho__20191001_sample_3.swc,interneuron,8968,1.000000,1.000000,1.000000,1.000000,1.000000,,1,8142,825,0
neuromorpho__20191020_B_63X_zstack_tile_stitch.swc,interneuron,2314,1.000000,1.000000,1.000000,,1.000000,,1,0,2313,0
neuromorpho__20191022_DE_20X_zstack_tile_cell2_2_stitched.swc,interneuron,5499,1.000000,1.000000,1.000000,,1.000000,,1,0,5498,0
neuromorpho__20191101_sample_1.swc,interneuron,4618,1.000000,1.000000,1.000000,1.000000,1.000000,,1,3534,1083,0
neuromorpho__20191104_sample_1.swc,interneuron,5869,1.000000,1.000000,1.000000,1.000000,1.000000,,1,4486,1382,0
neuromorpho__20191104_sample_4.swc,interneuron,6425,1.000000,1.000000,1.000000,1.000000,1.000000,,1,6016,408,0
neuromorpho__20191107_sample_3.swc,interneuron,7199,1.000000,1.000000,1.000000,1.000000,1.000000,,1,7108,90,0
neuromorpho__2020-03-05_10-54-18SST-MORF3Mb02-1V5-647-30x03-1_04.swc,interneuron,2765,1.000000,1.000000,1.000000,,1.000000,,1,0,2764,0
neuromorpho__2020-03-11_10-36-30PV-MORF3MJ01-4V5-647PV488-30x02Str01.swc,interneuron,5005,1.000000,1.000000,1.000000,,1.000000,,1,0,5004,0
neuromorpho__2020-03-11_11-59-06SST-MORF3Mb01-1V5-647SST488-30x02Ctx_c.swc,interneuron,3610,1.000000,1.000000,1.000000,,1.000000,,1,0,3609,0
neuromorpho__20201230_A_63x_zstack_tile2_stitched2.swc,interneuron,10380,1.000000,1.000000,1.000000,,1.000000,,1,0,10379,0
neuromorpho__20201230_F_63X_zstack_tile_stitched.swc,interneuron,8471,1.000000,1.000000,1.000000,,1.000000,,1,0,8470,0
neuromorpho__20210302_c_40x_lsm800_zstack_tile_stitched.swc,interneuron,4666,1.000000,1.000000,1.000000,,1.000000,,1,0,4665,0
neuromorpho__212_On_C.swc,interneuron,14677,0.994958,0.985400,1.000000,0.997200,0.973600,,1,13312,1364,0
neuromorpho__22022016RF1_20m.swc,interneuron,572,1.000000,1.000000,1.000000,,1.000000,,1,0,571,0
neuromorpho__23-04-18B-06-cell-1.swc,interneuron,1233,1.000000,1.000000,1.000000,,1.000000,,1,0,1232,0
neuromorpho__23-04-18B-09-cell-2.swc,interneuron,2387,1.000000,1.000000,1.000000,,1.000000,,1,0,2386,0
neuromorpho__23-04-18C-01-cell-1.swc,interneuron,5795,1.000000,1.000000,1.000000,,1.000000,,1,0,5794,0
neuromorpho__23-04-18C-03-cell-2.swc,interneuron,917,1.000000,1.000000,1.000000,,1.000000,,1,0,916,0
neuromorpho__23-04-18C-10-cell-4.swc,interneuron,2310,1.000000,1.000000,1.000000,,1.000000,,1,0,2309,0
neuromorpho__236-3-28LS.swc,interneuron,1372,0.943878,0.877200,1.000000,0.786700,0.967700,,1,212,1159,0
neuromorpho__25-11-14-B2.swc,interneuron,10059,1.000000,1.000000,1.000000,1.000000,1.000000,,1,7457,2601,0
neuromorpho__26-11-14-A-A6.swc,interneuron,10306,1.000000,1.000000,1.000000,1.000000,1.000000,,1,3249,7056,0
neuromorpho__26-2-15-C.swc,interneuron,16762,1.000000,1.000000,1.000000,1.000000,1.000000,,1,15651,1110,0
neuromorpho__260314RF2_3m.swc,interneuron,537,1.000000,1.000000,1.000000,,1.000000,,1,0,536,0
neuromorpho__268_On_C.swc,interneuron,8677,1.000000,1.000000,1.000000,1.000000,1.000000,,1,6657,2019,0
neuromorpho__3079_20140429-x1-25.swc,interneuron,5561,1.000000,1.000000,1.000000,1.000000,1.000000,,1,3836,1724,0
neuromorpho__3084_20140527-x1-25.swc,interneuron,7851,1.000000,1.000000,1.000000,1.000000,1.000000,,1,6449,1401,0
neuromorpho__340_1a.swc,interneuron,1158,0.429188,0.300100,1.000000,0.000000,0.600100,,1,0,1157,0
neuromorpho__340_1b.swc,interneuron,2693,1.000000,1.000000,1.000000,1.000000,1.000000,,1,2175,517,0
neuromorpho__343_2b.swc,interneuron,3717,1.000000,1.000000,1.000000,1.000000,1.000000,,1,2772,944,0
neuromorpho__464R.swc,interneuron,730,1.000000,1.000000,1.000000,1.000000,1.000000,,1,708,21,0
neuromorpho__4_J2a.swc,interneuron,3050,1.000000,1.000000,1.000000,1.000000,1.000000,,1,2501,548,0
neuromorpho__4_J3.swc,interneuron,4799,1.000000,1.000000,1.000000,1.000000,1.000000,,1,3402,1396,0
neuromorpho__5-27-11cell1-nonFS-BC.swc,interneuron,6376,1.000000,1.000000,1.000000,1.000000,1.000000,,1,2112,4263,0
neuromorpho__536_4_C4.swc,interneuron,54002,0.676530,0.617100,1.000000,0.767900,0.466200,,1,46372,7629,0
neuromorpho__536_4_C7.swc,interneuron,52983,1.000000,1.000000,1.000000,1.000000,1.000000,,1,20267,32715,0
neuromorpho__5Ht3aCre-SABI-010518S1-v1.swc,interneuron,7198,1.000000,1.000000,1.000000,1.000000,1.000000,,1,4629,2568,0
neuromorpho__5Ht3aCre-SABI-010518S2D-v1.swc,interneuron,5217,0.967414,0.965800,1.000000,0.973200,0.958300,,1,3261,1955,0
neuromorpho__5_J1b.swc,interneuron,4335,1.000000,1.000000,1.000000,1.000000,1.000000,,1,3395,939,0
neuromorpho__6-Som-3d-trace-B.swc,interneuron,7252,1.000000,1.000000,1.000000,,1.000000,,1,0,7251,0
neuromorpho__60L4_03_-030.swc,interneuron,151,1.000000,1.000000,1.000000,,1.000000,,1,0,150,0
neuromorpho__60L4_03_-135.swc,interneuron,279,1.000000,1.000000,1.000000,,1.000000,,1,0,278,0
neuromorpho__60L4_06_-105.swc,interneuron,228,1.000000,1.000000,1.000000,,1.000000,,1,0,227,0
neuromorpho__60R5_02_-540.swc,interneuron,719,1.000000,1.000000,1.000000,,1.000000,,1,0,718,0
neuromorpho__60R5_02_-615.swc,interneuron,318,1.000000,1.000000,1.000000,,1.000000,,1,0,317,0
neuromorpho__60R5_02_-660.swc,interneuron,674,1.000000,1.000000,1.000000,,1.000000,,1,0,673,0
neuromorpho__60R5_03_-180.swc,interneuron,676,1.000000,1.000000,1.000000,,1.000000,,1,0,675,0
neuromorpho__60R5_03_-480.swc,interneuron,389,1.000000,1.000000,1.000000,,1.000000,,1,0,388,0
neuromorpho__60R5_04_-525.swc,interneuron,701,1.000000,1.000000,1.000000,,1.000000,,1,0,700,0
neuromorpho__614_4_C4.swc,interneuron,14912,0.618294,0.383900,1.000000,0.003900,0.763900,,1,11,14900,0
neuromorpho__6N1-5072019_TileScan-3_Merged_fcfc5a.swc,interneuron,702,1.000000,1.000000,1.000000,,1.000000,,1,0,701,0
neuromorpho__6N5DAT6-50717GFPwtb_013-FCON3mutTdt10a.swc,interneuron,52,1.000000,1.000000,1.000000,,1.000000,,1,0,51,0
neuromorpho__6N5DAT6-50717GFPwtb_013-FCON3mutTdt11a.swc,interneuron,105,1.000000,1.000000,1.000000,,1.000000,,1,0,104,0
neuromorpho__6N5DAT6-50717GFPwtb_013-FCON3mutTdt18a.swc,interneuron,94,1.000000,1.000000,1.000000,,1.000000,,1,0,93,0
neuromorpho__6N5DAT6-50717GFPwtb_013-FCON3mutTdt26a.swc,interneuron,107,1.000000,1.000000,1.000000,,1.000000,,1,0,106,0
neuromorpho__6N5DAT6-50717GFPwtb_013-FCON3mutTdt7a.swc,interneuron,96,1.000000,1.000000,1.000000,,1.000000,,1,0,95,0
neuromorpho__6N5DAT6-50717GFPwtb_013-GFPwt1a.swc,interneuron,256,1.000000,1.000000,1.000000,,1.000000,,1,0,255,0
neuromorpho__6N5DAT6-50717GFPwtb_013-GFPwt4a.swc,interneuron,114,1.000000,1.000000,1.000000,,1.000000,,1,0,113,0
neuromorpho__6N5DAT6-50717GFPwtb_013-GFPwt8a.swc,interneuron,126,1.000000,1.000000,1.000000,,1.000000,,1,0,125,0
neuromorpho__70R3_02_-630.swc,interneuron,145,1.000000,1.000000,1.000000,,1.000000,,1,0,144,0
neuromorpho__70R3_03_-660.swc,interneuron,158,1.000000,1.000000,1.000000,,1.000000,,1,0,157,0
neuromorpho__8N22DAT8-50717GFPwta-wt10a.swc,interneuron,206,1.000000,1.000000,1.000000,,1.000000,,1,0,205,0
neuromorpho__8N22DAT8-50717GFPwta-wt14a.swc,interneuron,306,1.000000,1.000000,1.000000,,1.000000,,1,0,305,0
neuromorpho__8N22DAT8-50717GFPwta-wt4a.swc,interneuron,174,1.000000,1.000000,1.000000,,1.000000,,1,0,173,0
neuromorpho__8N22DAT8-50717GFPwta-wt9a.swc,interneuron,237,1.000000,1.000000,1.000000,,1.000000,,1,0,236,0
neuromorpho__8N3-8162019-b-fcfc4a.swc,interneuron,1306,1.000000,1.000000,1.000000,,1.000000,,1,0,1305,0
neuromorpho__8N3-8162019-b-fcfc6a.swc,interneuron,1596,1.000000,1.000000,1.000000,,1.000000,,1,0,1595,0
neuromorpho__8N3-8162019-b-wt2a.swc,interneuron,795,1.000000,1.000000,1.000000,,1.000000,,1,0,794,0
neuromorpho__8N6-8162019-b-wT5a.swc,interneuron,600,1.000000,1.000000,1.000000,,1.000000,,1,0,599,0
neuromorpho__99_1.swc,interneuron,309,1.000000,1.000000,1.000000,,1.000000,,1,0,308,0
neuromorpho__A151125-2_VIP_IN.swc,interneuron,2558,0.456607,0.313400,1.000000,0.000000,0.626700,,1,0,2557,0
neuromorpho__A151125-4_VIP_IN.swc,interneuron,5117,1.000000,1.000000,1.000000,1.000000,1.000000,,1,3879,1237,0
neuromorpho__AAS10.swc,interneuron,344,0.968023,0.983700,1.000000,,0.983700,,1,11,332,0
neuromorpho__AAS13.swc,interneuron,520,1.000000,1.000000,1.000000,,1.000000,,1,0,519,0
neuromorpho__AAS3.swc,interneuron,6098,0.106920,0.192900,1.000000,,0.192900,,1,5446,651,0
neuromorpho__ADAL.swc,interneuron,19,1.000000,1.000000,1.000000,1.000000,,,1,18,0,0
neuromorpho__ADP16_2099_biocytin.swc,interneuron,3876,1.000000,1.000000,1.000000,,1.000000,,1,0,3875,0
neuromorpho__ADP17_2083_biocytin.swc,interneuron,2545,1.000000,1.000000,1.000000,,1.000000,,1,0,2544,0
neuromorpho__ADP2_191018c1_neurobiotin.swc,interneuron,4468,1.000000,1.000000,1.000000,,1.000000,,1,0,4467,0
neuromorpho__ADP3_191018c2_neurobiotin.swc,interneuron,4457,1.000000,1.000000,1.000000,,1.000000,,1,0,4456,0
neuromorpho__ADP4_191018c3_neurobiotin.swc,interneuron,821,1.000000,1.000000,1.000000,,1.000000,,1,0,820,0
neuromorpho__ADP7_241018c1_neurobiotin.swc,interneuron,261,1.000000,1.000000,1.000000,,1.000000,,1,0,260,0
neuromorpho__AIZR.swc,interneuron,22,1.000000,1.000000,1.000000,1.000000,,,1,21,0,0
neuromorpho__Anstoetz_PV-IN19.swc,interneuron,2257,1.000000,1.000000,1.000000,,1.000000,,1,0,2256,0
neuromorpho__Anstoetz_PV-IN20.swc,interneuron,6074,1.000000,1.000000,1.000000,1.000000,1.000000,,1,5766,307,0
neuromorpho__Anstoetz_PV-IN3.swc,interneuron,1092,1.000000,1.000000,1.000000,,1.000000,,1,0,1091,0
neuromorpho__Anstoetz_PV-IN9.swc,interneuron,1096,1.000000,1.000000,1.000000,,1.000000,,1,0,1095,0
neuromorpho__Anstoetz_SLM_IN10.swc,interneuron,1481,0.555706,0.714200,1.000000,,0.714200,,1,658,822,0
neuromorpho__Anstoetz_SLM_IN6.swc,interneuron,690,1.000000,1.000000,1.000000,,1.000000,,1,0,689,0
neuromorpho__Anstoetz_Toolbox-IN17.swc,interneuron,425,1.000000,1.000000,1.000000,,1.000000,,1,0,424,0
neuromorpho__Anstoetz_Toolbox-IN4.swc,interneuron,3373,1.000000,1.000000,1.000000,1.000000,1.000000,,1,3064,308,0
neuromorpho__Anstoetz_Toolbox-IN5.swc,interneuron,2126,1.000000,1.000000,1.000000,,1.000000,,1,0,2125,0
neuromorpho__B1-F2-cell1.swc,interneuron,251,1.000000,1.000000,1.000000,,1.000000,,1,0,250,0
neuromorpho__B177.swc,interneuron,6483,1.000000,1.000000,1.000000,1.000000,1.000000,,1,1504,4978,0
neuromorpho__B2-F1-cell1.swc,interneuron,372,1.000000,1.000000,1.000000,,1.000000,,1,0,371,0
neuromorpho__B2-F2-cell1.swc,interneuron,303,1.000000,1.000000,1.000000,,1.000000,,1,0,302,0
neuromorpho__B2-F3.swc,interneuron,349,0.346705,0.512800,1.000000,,0.512800,,1,228,120,0
neuromorpho__BC110530F_01.swc,interneuron,117468,1.000000,1.000000,1.000000,1.000000,1.000000,,1,105341,12126,0
neuromorpho__BC120301A_04.swc,interneuron,105857,1.000000,1.000000,1.000000,1.000000,1.000000,,1,90161,15695,0
neuromorpho__BC130222A_08.swc,interneuron,90146,1.000000,1.000000,1.000000,1.000000,1.000000,,1,80843,9302,0
neuromorpho__BC130311C_09.swc,interneuron,120347,1.000000,1.000000,1.000000,1.000000,1.000000,,1,102806,17540,0
neuromorpho__BC130430D_14.swc,interneuron,37250,1.000000,1.000000,1.000000,1.000000,1.000000,,1,26403,10846,0
neuromorpho__BC130503A_15.swc,interneuron,126401,1.000000,1.000000,1.000000,1.000000,1.000000,,1,115754,10646,0
neuromorpho__BC130705A_17.swc,interneuron,61122,1.000000,1.000000,1.000000,1.000000,1.000000,,1,54791,6330,0
neuromorpho__BC130805A_18.swc,interneuron,97342,1.000000,1.000000,1.000000,1.000000,1.000000,,1,87930,9411,0
neuromorpho__BC150319A_28.swc,interneuron,90767,1.000000,1.000000,1.000000,1.000000,1.000000,,1,83140,7626,0
neuromorpho__BC150416A_32.swc,interneuron,103204,1.000000,1.000000,1.000000,1.000000,1.000000,,1,93029,10174,0
neuromorpho__BC160212C_37.swc,interneuron,67922,1.000000,1.000000,1.000000,1.000000,1.000000,,1,56294,11627,0
neuromorpho__BC160620B_39.swc,interneuron,88903,1.000000,1.000000,1.000000,1.000000,1.000000,,1,78468,10434,0
neuromorpho__BMCell3_20m.swc,interneuron,1565,1.000000,1.000000,1.000000,,1.000000,,1,0,1564,0
neuromorpho__C-02-04-14-F-14-04-14-cs4-cell1.swc,interneuron,2977,1.000000,1.000000,1.000000,,1.000000,,1,0,2976,0
neuromorpho__C-02-04-14-F-16-04-14-CS1.swc,interneuron,5087,1.000000,1.000000,1.000000,,1.000000,,1,0,5086,0
neuromorpho__C-02-04-14-F-16-04-14-CS3.swc,interneuron,8810,1.000000,1.000000,1.000000,,1.000000,,1,0,8809,0
neuromorpho__C-30-04-15-DIV14-CS1-Cell1.swc,interneuron,3353,1.000000,1.000000,1.000000,,1.000000,,1,0,3352,0
neuromorpho__C02-04-14F14-04-14CS2.swc,interneuron,8768,1.000000,1.000000,1.000000,1.000000,1.000000,,1,7049,1718,0
neuromorpho__C02-4-14F14-04-14CS3.swc,interneuron,32789,1.000000,1.000000,1.000000,1.000000,1.000000,,1,28254,4534,0
neuromorpho__C03-7-14F18-7-14CS3.swc,interneuron,27605,1.000000,1.000000,1.000000,1.000000,1.000000,,1,26589,1015,0
neuromorpho__C21-10-15DIV13CS3Cell1.swc,interneuron,34799,1.000000,1.000000,1.000000,1.000000,1.000000,,1,32925,1873,0
neuromorpho__CChI_B_Intensify3D_joinsorted.swc,interneuron,2255,0.881153,0.936800,1.000000,,0.936800,,1,268,1986,0
neuromorpho__CONTROL-1-N1.swc,interneuron,2203,1.000000,1.000000,1.000000,,1.000000,,1,0,2202,0
neuromorpho__CONTROL-1-N6.swc,interneuron,462,1.000000,1.000000,1.000000,,1.000000,,1,0,461,0
neuromorpho__CONTROL-2-N3.swc,interneuron,891,1.000000,1.000000,1.000000,,1.000000,,1,0,890,0
neuromorpho__CONTROL-2-N3_1.swc,interneuron,1041,1.000000,1.000000,1.000000,,1.000000,,1,0,1040,0
neuromorpho__CONTROL-2-N5_1.swc,interneuron,1304,1.000000,1.000000,1.000000,,1.000000,,1,0,1303,0
neuromorpho__CONTROL-3-N5.swc,interneuron,672,1.000000,1.000000,1.000000,,1.000000,,1,0,671,0
neuromorpho__CONTROL-3-N6.swc,interneuron,890,1.000000,1.000000,1.000000,,1.000000,,1,0,889,0
neuromorpho__CONTROL-3-N7_1.swc,interneuron,2254,1.000000,1.000000,1.000000,,1.000000,,1,0,2253,0
neuromorpho__CONTROL-4-N3.swc,interneuron,1171,1.000000,1.000000,1.000000,,1.000000,,1,0,1170,0
neuromorpho__CONTROL-5-N1.swc,interneuron,1356,1.000000,1.000000,1.000000,,1.000000,,1,0,1355,0
neuromorpho__CONTROL-5-N3.swc,interneuron,1295,1.000000,1.000000,1.000000,,1.000000,,1,0,1294,0
neuromorpho__CONTROL-5-N3_1.swc,interneuron,725,1.000000,1.000000,1.000000,,1.000000,,1,0,724,0
neuromorpho__CONTROL-6-N1.swc,interneuron,1522,1.000000,1.000000,1.000000,,1.000000,,1,0,1521,0
neuromorpho__CONTROL-6-N2.swc,interneuron,1652,1.000000,1.000000,1.000000,,1.000000,,1,0,1651,0
neuromorpho__CONTROL-6-N5.swc,interneuron,1397,1.000000,1.000000,1.000000,,1.000000,,1,0,1396,0
neuromorpho__CONTROL-6-N6.swc,interneuron,1895,1.000000,1.000000,1.000000,,1.000000,,1,0,1894,0
neuromorpho__Canopy_151204_2.swc,interneuron,6467,0.933045,0.898300,1.000000,0.957700,0.838900,,1,5339,1127,0
neuromorpho__Cell-15-Ch01.swc,interneuron,255,1.000000,1.000000,1.000000,1.000000,1.000000,,1,51,203,0
neuromorpho__Cell-22.swc,interneuron,264,0.609848,0.378300,1.000000,0.000000,0.756500,,1,0,263,0
neuromorpho__Cell-24.swc,interneuron,433,0.909931,0.476400,1.000000,0.000000,0.952700,,1,0,432,0
neuromorpho__Cell-28-Ch01.swc,interneuron,346,0.684971,0.406200,1.000000,0.000000,0.812400,,1,43,302,0
neuromorpho__Cell-6.swc,interneuron,1467,0.832993,0.454400,1.000000,0.000000,0.908800,,1,102,1364,0
neuromorpho__Cell-7.swc,interneuron,342,1.000000,1.000000,1.000000,,1.000000,,1,0,341,0
neuromorpho__Cell11.swc,interneuron,9269,1.000000,1.000000,1.000000,1.000000,1.000000,,1,3976,5292,0
neuromorpho__Cell13.swc,interneuron,10332,1.000000,1.000000,1.000000,1.000000,1.000000,,1,4557,5774,0
neuromorpho__Cell16.swc,interneuron,9275,0.013046,0.012800,1.000000,0.000000,0.025500,,1,7412,1862,0
neuromorpho__Cell20.swc,interneuron,7262,1.000000,1.000000,1.000000,1.000000,1.000000,,1,3923,3338,0
neuromorpho__Cell2biorxiv.swc,interneuron,2082,0.807877,0.446800,1.000000,0.000000,0.893700,,1,0,2081,0
neuromorpho__Cell30.swc,interneuron,11499,1.000000,1.000000,1.000000,1.000000,1.000000,,1,6916,4582,0
neuromorpho__Cell32.swc,interneuron,5524,0.482440,0.359800,1.000000,0.079800,0.639900,,1,2448,3075,0
neuromorpho__Cell34.swc,interneuron,9807,1.000000,1.000000,1.000000,1.000000,1.000000,,1,4184,5622,0
neuromorpho__Cell39.swc,interneuron,5674,1.000000,1.000000,1.000000,1.000000,1.000000,,1,3095,2578,0
neuromorpho__Cell42.swc,interneuron,10414,0.394277,0.306500,1.000000,0.553100,0.059900,,1,10212,201,0
neuromorpho__Cell47.swc,interneuron,6445,1.000000,1.000000,1.000000,1.000000,1.000000,,1,2428,4016,0
neuromorpho__Cell55.swc,interneuron,3571,1.000000,1.000000,1.000000,1.000000,1.000000,,1,1151,2419,0
neuromorpho__Cell61.swc,interneuron,5250,1.000000,1.000000,1.000000,1.000000,1.000000,,1,2850,2399,0
neuromorpho__Cell64.swc,interneuron,6699,1.000000,1.000000,1.000000,1.000000,1.000000,,1,2608,4090,0
neuromorpho__Cell7.swc,interneuron,4876,0.907301,0.762400,1.000000,0.576800,0.947900,,1,308,4567,0
neuromorpho__Cell70.swc,interneuron,4883,0.545976,0.353100,1.000000,0.000000,0.706200,,1,0,4882,0
neuromorpho__Cell72.swc,interneuron,2867,1.000000,1.000000,1.000000,1.000000,1.000000,,1,2432,434,0
neuromorpho__Cell77.swc,interneuron,9909,1.000000,1.000000,1.000000,1.000000,1.000000,,1,5252,4656,0
neuromorpho__Cell78.swc,interneuron,5194,1.000000,1.000000,1.000000,1.000000,1.000000,,1,2115,3078,0
neuromorpho__Cell7_Hippocampus_singlecell.swc,interneuron,527,1.000000,1.000000,1.000000,1.000000,1.000000,,1,157,369,0
neuromorpho__Cell888Spp1.swc,interneuron,2608,1.000000,1.000000,1.000000,,1.000000,,1,0,2607,0
neuromorpho__Chat-IRES-Cre-neo_Ai14-280700-06-01-01_614430437_m.swc,interneuron,11680,1.000000,1.000000,1.000000,1.000000,1.000000,,1,9205,2474,0
neuromorpho__Chat-IRES-Cre-neo_Ai14-308245-04-02-01_605859502_m.swc,interneuron,8427,1.000000,1.000000,1.000000,1.000000,1.000000,,1,5784,2642,0
neuromorpho__Chat-IRES-Cre-neo_Ai14-313181-04-02-01_610885831_m.swc,interneuron,4292,1.000000,1.000000,1.000000,1.000000,1.000000,,1,2065,2226,0
neuromorpho__Chat-IRES-Cre-neo_Ai14-316042-05-02-01_639670635_m.swc,interneuron,6544,1.000000,1.000000,1.000000,1.000000,1.000000,,1,3376,3167,0
neuromorpho__Chrna2-Cre_OE25_Ai14_BT_-280154-04-01-01_673136338_m.swc,interneuron,14548,1.000000,1.000000,1.000000,1.000000,1.000000,,1,11997,2550,0
neuromorpho__D100308INT.swc,interneuron,8361,1.000000,1.000000,1.000000,1.000000,1.000000,,1,7301,1059,0
neuromorpho__Delayed15_2161_biocytin.swc,interneuron,1396,1.000000,1.000000,1.000000,,1.000000,,1,0,1395,0
neuromorpho__Delayed8_241018c6_neurobiotin.swc,interneuron,4695,1.000000,1.000000,1.000000,,1.000000,,1,0,4694,0
neuromorpho__Diego-02-27-13-BR.swc,interneuron,27082,1.000000,1.000000,1.000000,1.000000,1.000000,,1,22936,4145,0
neuromorpho__ES53_iOLM.swc,interneuron,13074,1.000000,1.000000,1.000000,1.000000,1.000000,,1,7952,5121,0
neuromorpho__EXP-5_67-188-1001.swc,interneuron,5520,1.000000,1.000000,1.000000,,1.000000,,1,0,5519,0
neuromorpho__EXP-5_67-188-1002.swc,interneuron,1474,1.000000,1.000000,1.000000,,1.000000,,1,0,1473,0
neuromorpho__EXP-5_67-188-1003.swc,interneuron,1051,1.000000,1.000000,1.000000,,1.000000,,1,0,1050,0
neuromorpho__EXP-5_67-188-1008.swc,interneuron,6923,1.000000,1.000000,1.000000,,1.000000,,1,0,6922,0
neuromorpho__EXP-5_67-Scr-1011.swc,interneuron,1607,1.000000,1.000000,1.000000,,1.000000,,1,0,1606,0
neuromorpho__Fig1_1.swc,interneuron,7195,1.000000,1.000000,1.000000,1.000000,1.000000,,1,6920,274,0
neuromorpho__Fig2a_cell1_1112071rm.swc,interneuron,8103,1.000000,1.000000,1.000000,1.000000,1.000000,,1,7263,839,0
neuromorpho__Fig2c_cell1_1402022rm.swc,interneuron,21049,1.000000,1.000000,1.000000,1.000000,1.000000,,1,19935,1113,0
neuromorpho__Fig2f_Rat_131.swc,interneuron,3396,1.000000,1.000000,1.000000,1.000000,1.000000,,1,2478,917,0
neuromorpho__Fig4_1.swc,interneuron,9154,1.000000,1.000000,1.000000,1.000000,1.000000,,1,7597,1556,0
neuromorpho__Fig6b_1610052mg_A.swc,interneuron,4669,1.000000,1.000000,1.000000,1.000000,1.000000,,1,3577,1091,0
neuromorpho__GGB-01-10-2019-2-R532.swc,interneuron,78363,1.000000,1.000000,1.000000,1.000000,1.000000,,1,69441,8921,0
neuromorpho__GGB-01-16-2019-1-Rjk-419-2-quant.swc,interneuron,13380,1.000000,1.000000,1.000000,1.000000,1.000000,,1,12024,1355,0
neuromorpho__GGN_20170309_sc.swc,interneuron,36156,0.000028,0.000000,1.000000,,0.000000,,1,36155,0,0
neuromorpho__Gad2-IRES-Cre_Ai14-324791-03-02-02_648138988_m.swc,interneuron,9203,1.000000,1.000000,1.000000,1.000000,1.000000,,1,8287,915,0
neuromorpho__Gad2-IRES-Cre_Ai14-324794-03-01-02_648087868_m.swc,interneuron,6861,1.000000,1.000000,1.000000,1.000000,1.000000,,1,5414,1446,0
neuromorpho__H17-03-009-11-11-03_669918567_m.swc,interneuron,4042,1.000000,1.000000,1.000000,1.000000,1.000000,,1,112,3929,0
neuromorpho__H17-03-013-11-08-04_692297214_m.swc,interneuron,6827,1.000000,1.000000,1.000000,1.000000,1.000000,,1,5560,1266,0
neuromorpho__HCell1.swc,interneuron,3879,1.000000,1.000000,1.000000,,1.000000,,1,0,3878,0
neuromorpho__HFF2_4167_neurobiotin.swc,interneuron,6947,1.000000,1.000000,1.000000,,1.000000,,1,0,6946,0
neuromorpho__HFF5_231018c5_neurobiotin.swc,interneuron,1637,1.000000,1.000000,1.000000,,1.000000,,1,0,1636,0
neuromorpho__HSS-cobalt.swc,interneuron,2237,0.094770,0.086200,1.000000,0.172500,0.000000,,1,2236,0,0
neuromorpho__Hcell15-set-2.swc,interneuron,3178,1.000000,1.000000,1.000000,,1.000000,,1,0,3177,0
neuromorpho__Hcell3.swc,interneuron,3428,1.000000,1.000000,1.000000,,1.000000,,1,0,3427,0
neuromorpho__Hcell7.swc,interneuron,1551,1.000000,1.000000,1.000000,,1.000000,,1,0,1550,0
neuromorpho__Htr3a-Cre_NO152_Ai14-292836-03-01-01_580260009_m.swc,interneuron,9513,1.000000,1.000000,1.000000,1.000000,1.000000,,1,7522,1990,0
neuromorpho__Htr3a-Cre_NO152_Pvalb-T2A-Dre_Ai66-313949-04-02-01_671531778_m.swc,interneuron,15218,1.000000,1.000000,1.000000,1.000000,1.000000,,1,12326,2891,0
neuromorpho__I_1_14.swc,interneuron,36773,1.000000,1.000000,1.000000,1.000000,1.000000,,1,24439,12333,0
neuromorpho__I_1_15.swc,interneuron,41204,1.000000,1.000000,1.000000,1.000000,1.000000,,1,31928,9275,0
neuromorpho__I_1_39.swc,interneuron,29675,1.000000,1.000000,1.000000,1.000000,1.000000,,1,24144,5530,0
neuromorpho__I_1_52.swc,interneuron,29130,1.000000,1.000000,1.000000,1.000000,1.000000,,1,23505,5624,0
neuromorpho__I_1_53.swc,interneuron,25730,1.000000,1.000000,1.000000,1.000000,1.000000,,1,17835,7894,0
neuromorpho__I_1_58_2.swc,interneuron,33225,1.000000,1.000000,1.000000,1.000000,1.000000,,1,26159,7065,0
neuromorpho__I_1_61.swc,interneuron,29608,1.000000,1.000000,1.000000,1.000000,1.000000,,1,22126,7481,0
neuromorpho__I_1_65.swc,interneuron,18241,1.000000,1.000000,1.000000,1.000000,1.000000,,1,12131,6109,0
neuromorpho__I_1_71.swc,interneuron,7737,1.000000,1.000000,1.000000,1.000000,1.000000,,1,5448,2288,0
neuromorpho__I_2_38.swc,interneuron,23578,1.000000,1.000000,1.000000,1.000000,1.000000,,1,17148,6429,0
neuromorpho__I_2_39.swc,interneuron,41186,1.000000,1.000000,1.000000,1.000000,1.000000,,1,34668,6517,0
neuromorpho__I_2_8.swc,interneuron,22241,1.000000,1.000000,1.000000,1.000000,1.000000,,1,17320,4920,0
neuromorpho__J100312INT.swc,interneuron,6741,1.000000,1.000000,1.000000,1.000000,1.000000,,1,5626,1114,0
neuromorpho__Kole_MDKL29012019_2_63x.swc,interneuron,2744,1.000000,1.000000,1.000000,1.000000,,,1,2743,0,0
neuromorpho__L1R4_04_-450.swc,interneuron,115,1.000000,1.000000,1.000000,,1.000000,,1,0,114,0
neuromorpho__L1R4_07_-240.swc,interneuron,133,1.000000,1.000000,1.000000,,1.000000,,1,0,132,0
neuromorpho__L2R5_07_-345.swc,interneuron,181,1.000000,1.000000,1.000000,,1.000000,,1,0,180,0
neuromorpho__L3R1_01_-165.swc,interneuron,385,1.000000,1.000000,1.000000,,1.000000,,1,0,384,0
neuromorpho__L3R1_03_-270.swc,interneuron,384,1.000000,1.000000,1.000000,,1.000000,,1,0,383,0
neuromorpho__L3R1_04_-030.swc,interneuron,432,1.000000,1.000000,1.000000,,1.000000,,1,0,431,0
neuromorpho__L3R1_04_-390.swc,interneuron,568,1.000000,1.000000,1.000000,,1.000000,,1,0,567,0
neuromorpho__L3R4_03_-510.swc,interneuron,452,1.000000,1.000000,1.000000,,1.000000,,1,0,451,0
neuromorpho__L5FS1.swc,interneuron,830,1.000000,1.000000,1.000000,,1.000000,,1,0,829,0
neuromorpho__LVGFP-5wpi-c5.swc,interneuron,1815,0.343802,1.000000,1.000000,,1.000000,,1,0,1814,0
neuromorpho__M282Ecel1.swc,interneuron,1353,1.000000,1.000000,1.000000,,1.000000,,1,0,1352,0
neuromorpho__M69_PGN_2.swc,interneuron,477,1.000000,1.000000,1.000000,,1.000000,,1,0,476,0
neuromorpho__M720Ecel1.swc,interneuron,3105,1.000000,1.000000,1.000000,,1.000000,,1,0,3104,0
neuromorpho__M722Ecel1.swc,interneuron,876,1.000000,1.000000,1.000000,,1.000000,,1,0,875,0
neuromorpho__M_F_10.swc,interneuron,18607,1.000000,1.000000,1.000000,1.000000,1.000000,,1,15369,3237,0
neuromorpho__M_F_7.swc,interneuron,16279,1.000000,1.000000,1.000000,1.000000,1.000000,,1,12994,3284,0
neuromorpho__Miro1KO250716S1C120X.swc,interneuron,3007,1.000000,1.000000,1.000000,1.000000,1.000000,,1,2586,420,0
neuromorpho__Miro1KO250916S1C120X.swc,interneuron,6148,1.000000,1.000000,1.000000,1.000000,1.000000,,1,5335,812,0
neuromorpho__Miro1WT081016SL2S2C120X.swc,interneuron,8516,0.971583,0.921700,1.000000,0.984200,0.859300,,1,7776,739,0
neuromorpho__NAS11.swc,interneuron,2029,1.000000,1.000000,1.000000,,1.000000,,1,0,2028,0
neuromorpho__NAS12.swc,interneuron,1353,0.458241,0.628100,1.000000,,0.628100,,1,733,619,0
neuromorpho__NGFC_160209_1M.swc,interneuron,8767,1.000000,1.000000,1.000000,1.000000,1.000000,,1,7229,1537,0
neuromorpho__NGFC_160324_1M.swc,interneuron,25296,1.000000,1.000000,1.000000,1.000000,1.000000,,1,22205,3090,0
neuromorpho__NICRF09-3.swc,interneuron,1267,0.981058,0.495200,1.000000,0.000000,0.990400,,1,0,1266,0
neuromorpho__Ndnf-IRES2-dgCre_Ai14-280611-04-02-02_582654012_m.swc,interneuron,1786,0.951288,0.487500,1.000000,0.000000,0.975000,,1,0,1785,0
neuromorpho__Ndnf-IRES2-dgCre_Ai14-290382-04-01-01_584237322_m.swc,interneuron,13121,1.000000,1.000000,1.000000,1.000000,1.000000,,1,11632,1488,0
neuromorpho__Ndnf-IRES2-dgCre_Ai14-306261-05-02-01_591276334_m.swc,interneuron,15925,1.000000,1.000000,1.000000,1.000000,1.000000,,1,13056,2868,0
neuromorpho__Nos1-CreERT2_Sst-IRES-FlpO_Ai65-243223-04-01-01_537045067_m.swc,interneuron,2294,0.991282,0.497800,1.000000,0.000000,0.995600,,1,0,2293,0
neuromorpho__Nos1-CreERT2_Sst-IRES-FlpO_Ai65-271577-05-02-01_601947916_m.swc,interneuron,12545,1.000000,1.000000,1.000000,1.000000,1.000000,,1,10646,1898,0
neuromorpho__Nos1-CreERT2_Sst-IRES-FlpO_Ai65-315002-02-02-01_614431995_m.swc,interneuron,16690,0.988197,0.949800,1.000000,0.993700,0.905900,,1,15544,1145,0
neuromorpho__OLM-P-02-03-2011_Z04.swc,interneuron,14317,1.000000,1.000000,1.000000,1.000000,1.000000,,1,10199,4117,0
neuromorpho__OLM-S-25-10-2010_Z02.swc,interneuron,16850,1.000000,1.000000,1.000000,1.000000,1.000000,,1,10627,6222,0
neuromorpho__Oxtr-2A-Cre_Ai14-293839-02-02-02_623439672_m.swc,interneuron,20196,1.000000,1.000000,1.000000,1.000000,1.000000,,1,18023,2172,0
neuromorpho__Oxtr-2A-Cre_Ai14-293839-06-01-01_599474816_m.swc,interneuron,17421,1.000000,1.000000,1.000000,1.000000,1.000000,,1,15906,1514,0
neuromorpho__Oxtr-T2A-Cre_Ai14-309030-05-02-01_658232461_m.swc,interneuron,16602,1.000000,1.000000,1.000000,1.000000,1.000000,,1,14487,2114,0
neuromorpho__P111102-05-horiz-AAC.swc,interneuron,1851,1.000000,1.000000,1.000000,,1.000000,,1,0,1850,0
neuromorpho__P111106-02-BC.swc,interneuron,2443,1.000000,1.000000,1.000000,,1.000000,,1,0,2442,0
neuromorpho__P111123-01-AAC.swc,interneuron,2647,0.945599,0.972000,1.000000,,0.972000,,1,144,2502,0
neuromorpho__P111123-04n2-AAC.swc,interneuron,1300,1.000000,1.000000,1.000000,,1.000000,,1,0,1299,0
neuromorpho__P120115-03-AAC.swc,interneuron,779,1.000000,1.000000,1.000000,,1.000000,,1,0,778,0
neuromorpho__PDE1c_vGluT2-KO_IN07.swc,interneuron,691,1.000000,1.000000,1.000000,,1.000000,,1,0,690,0
neuromorpho__PDE1c_vGluT2-KO_IN14.swc,interneuron,261,1.000000,1.000000,1.000000,,1.000000,,1,0,260,0
neuromorpho__PDE1c_vGluT2-KO_IN19.swc,interneuron,672,1.000000,1.000000,1.000000,,1.000000,,1,0,671,0
neuromorpho__PDE1c_vGluT2-KO_IN22.swc,interneuron,659,1.000000,1.000000,1.000000,,1.000000,,1,0,658,0
neuromorpho__PDE1c_vGluT2-KO_IN23.swc,interneuron,455,1.000000,1.000000,1.000000,,1.000000,,1,0,454,0
neuromorpho__PDE1c_vGluT2-KO_IN27.swc,interneuron,910,1.000000,1.000000,1.000000,,1.000000,,1,0,909,0
neuromorpho__PDE1c_vGluT2-KO_IN28.swc,interneuron,1024,1.000000,1.000000,1.000000,,1.000000,,1,0,1023,0
neuromorpho__PDE1c_vGluT2-KO_IN29.swc,interneuron,705,1.000000,1.000000,1.000000,,1.000000,,1,0,704,0
neuromorpho__PDE1c_vGluT2-KO_IN30.swc,interneuron,605,1.000000,1.000000,1.000000,,1.000000,,1,0,604,0
neuromorpho__PDE1c_vGluT2-KO_IN34.swc,interneuron,630,1.000000,1.000000,1.000000,,1.000000,,1,0,629,0
neuromorpho__PDE1c_vGluT2-KO_IN39.swc,interneuron,737,1.000000,1.000000,1.000000,,1.000000,,1,0,736,0
neuromorpho__PDE1c_vGluT2-ctrl_IN04.swc,interneuron,353,1.000000,1.000000,1.000000,,1.000000,,1,0,352,0
neuromorpho__PDE1c_vGluT2-ctrl_IN11.swc,interneuron,823,1.000000,1.000000,1.000000,,1.000000,,1,0,822,0
neuromorpho__PDE1c_vGluT2-ctrl_IN13.swc,interneuron,382,1.000000,1.000000,1.000000,,1.000000,,1,0,381,0
neuromorpho__PDE1c_vGluT2-ctrl_IN14.swc,interneuron,794,1.000000,1.000000,1.000000,,1.000000,,1,0,793,0
neuromorpho__PDE1c_vGluT2-ctrl_IN19.swc,interneuron,199,1.000000,1.000000,1.000000,,1.000000,,1,0,198,0
neuromorpho__PDE1c_vGluT2-ctrl_IN29.swc,interneuron,662,1.000000,1.000000,1.000000,,1.000000,,1,0,661,0
neuromorpho__PDE1c_vGluT2-ctrl_IN31.swc,interneuron,580,1.000000,1.000000,1.000000,,1.000000,,1,0,579,0
neuromorpho__PDE1c_vGluT2-ctrl_IN33.swc,interneuron,529,1.000000,1.000000,1.000000,,1.000000,,1,0,528,0
neuromorpho__PFC-20130806A_Analysis.swc,interneuron,13033,1.000000,1.000000,1.000000,1.000000,1.000000,,1,11076,1956,0
neuromorpho__PFC-20130815B_Analysis.swc,interneuron,10629,1.000000,1.000000,1.000000,1.000000,1.000000,,1,8910,1718,0
neuromorpho__PFC-20140225D_Analysis.swc,interneuron,37107,1.000000,1.000000,1.000000,1.000000,1.000000,,1,29991,7115,0
neuromorpho__PFC-20140321A_Analysis.swc,interneuron,11627,1.000000,1.000000,1.000000,1.000000,1.000000,,1,9562,2064,0
neuromorpho__PFC-20170523B_Analysis.swc,interneuron,36627,1.000000,1.000000,1.000000,1.000000,1.000000,,1,28063,8563,0
neuromorpho__PFC13022019C_Analysis.swc,interneuron,11581,1.000000,1.000000,1.000000,1.000000,1.000000,,1,10088,1492,0
neuromorpho__PFC13092017B_Analysis.swc,interneuron,12713,1.000000,1.000000,1.000000,1.000000,1.000000,,1,10388,2324,0
neuromorpho__PFC13122016B_Analysis.swc,interneuron,18995,1.000000,1.000000,1.000000,1.000000,1.000000,,1,13131,5863,0
neuromorpho__PFC160621A_Analysis.swc,interneuron,72435,1.000000,1.000000,1.000000,1.000000,1.000000,,1,60255,12179,0
neuromorpho__PFC20130815C_Analysis.swc,interneuron,12678,1.000000,1.000000,1.000000,1.000000,1.000000,,1,9254,3423,0
neuromorpho__PFC24052016CD_Analysis.swc,interneuron,58215,1.000000,1.000000,1.000000,1.000000,1.000000,,1,48655,9559,0
neuromorpho__PSD24-F2b-S1.swc,interneuron,464,1.000000,1.000000,1.000000,,1.000000,,1,0,463,0
neuromorpho__P_F_15.swc,interneuron,25101,1.000000,1.000000,1.000000,1.000000,1.000000,,1,18311,6789,0
neuromorpho__Pvalb-IRES-Cre_Ai14-299135-05-01-01_650040988_m.swc,interneuron,20837,1.000000,1.000000,1.000000,1.000000,1.000000,,1,18989,1847,0
neuromorpho__RG3-F2.swc,interneuron,811,1.000000,1.000000,1.000000,,1.000000,,1,0,810,0
neuromorpho__S3058_20140409-x1-25.swc,interneuron,11010,1.000000,1.000000,1.000000,1.000000,1.000000,,1,9449,1560,0
neuromorpho__S3117_20140612-x1-25.swc,interneuron,8936,1.000000,1.000000,1.000000,1.000000,1.000000,,1,7781,1154,0
neuromorpho__SM080902A3-1.swc,interneuron,7647,1.000000,1.000000,1.000000,1.000000,1.000000,,1,6571,1075,0
neuromorpho__SM080903A2.swc,interneuron,1939,1.000000,1.000000,1.000000,1.000000,1.000000,,1,1539,399,0
neuromorpho__SST2A-GFP-SST-VGLUT2-cell-2.swc,interneuron,96,0.739583,0.848500,1.000000,,0.848500,,1,25,70,0
neuromorpho__SST2A-GFP-SST-VGLUT2-cell-3.swc,interneuron,123,1.000000,1.000000,1.000000,,1.000000,,1,0,122,0
neuromorpho__SST2A-GFP-SST-VGLUT2-cell-7.swc,interneuron,217,1.000000,1.000000,1.000000,,1.000000,,1,0,216,0
neuromorpho__SST2A-GFP-SST-VGLUT2-cell-9.swc,interneuron,82,1.000000,1.000000,1.000000,,1.000000,,1,0,81,0
neuromorpho__STRESS-2-N7.swc,interneuron,816,1.000000,1.000000,1.000000,,1.000000,,1,0,815,0
neuromorpho__STRESS-3-N1.swc,interneuron,991,1.000000,1.000000,1.000000,,1.000000,,1,0,990,0
neuromorpho__STRESS-5-N1.swc,interneuron,1120,1.000000,1.000000,1.000000,,1.000000,,1,0,1119,0
neuromorpho__STRESS-5-N4.swc,interneuron,559,1.000000,1.000000,1.000000,,1.000000,,1,0,558,0
neuromorpho__STRESS-5-N7.swc,interneuron,1112,1.000000,1.000000,1.000000,,1.000000,,1,0,1111,0
neuromorpho__STRESS-6-N1.swc,interneuron,861,1.000000,1.000000,1.000000,,1.000000,,1,0,860,0
neuromorpho__STRESS-6-N3_1.swc,interneuron,1352,1.000000,1.000000,1.000000,,1.000000,,1,0,1351,0
neuromorpho__STRESS-6-N7.swc,interneuron,580,1.000000,1.000000,1.000000,,1.000000,,1,0,579,0
neuromorpho__STRESS-7-N1.swc,interneuron,1362,1.000000,1.000000,1.000000,,1.000000,,1,0,1361,0
neuromorpho__STRESS-7-N2.swc,interneuron,1257,1.000000,1.000000,1.000000,,1.000000,,1,0,1256,0
neuromorpho__STRESS-7-N3.swc,interneuron,1352,1.000000,1.000000,1.000000,,1.000000,,1,0,1351,0
neuromorpho__T119a.swc,interneuron,7327,1.000000,1.000000,1.000000,,1.000000,,1,0,7326,0
neuromorpho__T44a.swc,interneuron,4278,0.860215,0.924800,1.000000,,0.924800,,1,598,3679,0
neuromorpho__TDI21301006_Cell1_pia.swc,interneuron,39688,1.000000,1.000000,1.000000,1.000000,1.000000,,1,36717,2970,0
neuromorpho__TDI21301008_Cell14_spine_pia.swc,interneuron,12453,1.000000,1.000000,1.000000,1.000000,1.000000,,1,10378,2074,0
neuromorpho__TDI21301008_Cell20_pia.swc,interneuron,19522,1.000000,1.000000,1.000000,1.000000,1.000000,,1,17384,2137,0
neuromorpho__TDI21301009_Cell2_pia.swc,interneuron,32855,1.000000,1.000000,1.000000,1.000000,1.000000,,1,30125,2729,0
neuromorpho__TDI21301009_cell5_L6_pia_WM.swc,interneuron,7179,1.000000,1.000000,1.000000,1.000000,1.000000,,1,6458,720,0
neuromorpho__TDI21301010_cell3_spines.swc,interneuron,20245,1.000000,1.000000,1.000000,1.000000,1.000000,,1,17957,2287,0
neuromorpho__TDI21301012_Cell8_spine_pia.swc,interneuron,8273,1.000000,1.000000,1.000000,1.000000,1.000000,,1,6880,1392,0
neuromorpho__TDI21301012_cell5_spine_pia.swc,interneuron,10504,1.000000,1.000000,1.000000,1.000000,1.000000,,1,9378,1125,0
neuromorpho__TDI21301013_Cell1_pia.swc,interneuron,24217,1.000000,1.000000,1.000000,1.000000,1.000000,,1,22011,2205,0
neuromorpho__TDI21301015_Cell3_Pia.swc,interneuron,18063,1.000000,1.000000,1.000000,1.000000,1.000000,,1,15984,2078,0
neuromorpho__TDI21301017_cell10_withoutspine_pia.swc,interneuron,9686,1.000000,1.000000,1.000000,1.000000,1.000000,,1,8676,1009,0
neuromorpho__TDI21301017_cell3_spines_pia.swc,interneuron,23426,1.000000,1.000000,1.000000,1.000000,1.000000,,1,21445,1980,0
neuromorpho__TDI21301018_Cell1_pia.swc,interneuron,11483,1.000000,1.000000,1.000000,1.000000,1.000000,,1,10460,1022,0
neuromorpho__TDI21302012_Cell2_spine_pia.swc,interneuron,12228,1.000000,1.000000,1.000000,1.000000,1.000000,,1,10682,1545,0
neuromorpho__TM-03-01-18-m2A-R-364-quant.swc,interneuron,19840,1.000000,1.000000,1.000000,1.000000,1.000000,,1,15708,4131,0
neuromorpho__TM-03-06-18-m2A-R-quant-466-1.swc,interneuron,4791,1.000000,1.000000,1.000000,1.000000,1.000000,,1,4256,534,0
neuromorpho__TM-06-23-15-ER.swc,interneuron,15949,1.000000,1.000000,1.000000,1.000000,1.000000,,1,13400,2548,0
neuromorpho__TM-06-25-15-BR.swc,interneuron,28770,1.000000,1.000000,1.000000,1.000000,1.000000,,1,25526,3243,0
neuromorpho__TM-11-12-13-DR.swc,interneuron,26649,1.000000,1.000000,1.000000,1.000000,1.000000,,1,23457,3191,0
neuromorpho__TT-02-21-14-2R.swc,interneuron,11286,1.000000,1.000000,1.000000,1.000000,1.000000,,1,7846,3439,0
neuromorpho__TT-02-23-4-1R.swc,interneuron,26560,1.000000,1.000000,1.000000,1.000000,1.000000,,1,17659,8900,0
neuromorpho__TT-1-23-14-2R.swc,interneuron,44384,1.000000,1.000000,1.000000,1.000000,1.000000,,1,35122,9261,0
neuromorpho__TT-12-12-13-2R.swc,interneuron,28658,1.000000,1.000000,1.000000,1.000000,1.000000,,1,25085,3572,0
neuromorpho__Vip-IRES-Cre_Ai14-313529-03-01-01_596799462_m.swc,interneuron,10675,1.000000,1.000000,1.000000,1.000000,1.000000,,1,7239,3435,0
neuromorpho__Vip-IRES-Cre_Ai14_IVSCC_-264875-06-01-01_653337413_m.swc,interneuron,5787,1.000000,1.000000,1.000000,1.000000,1.000000,,1,4233,1553,0
neuromorpho__Vipr2-IRES2-Cre_Ai14-297026-05-02-01_582653993_m.swc,interneuron,9781,1.000000,1.000000,1.000000,1.000000,1.000000,,1,8025,1755,0
neuromorpho__Vipr2-IRES2-Cre_Slc32a1-T2A-FlpO_Ai65-315072-04-02-01_623893374_m.swc,interneuron,9435,1.000000,1.000000,1.000000,1.000000,1.000000,,1,7473,1961,0
neuromorpho__Wang_Lefebvre_Cell21.swc,interneuron,4437,1.000000,1.000000,1.000000,1.000000,1.000000,,1,2135,2301,0
neuromorpho__Zs201221-02_ventral_20x_onlydendrites.swc,interneuron,2423,1.000000,1.000000,1.000000,,1.000000,,1,0,2422,0
neuromorpho__Zs201222-01_dorsal_20x_onlydendrites.swc,interneuron,1810,1.000000,1.000000,1.000000,1.000000,1.000000,,1,86,1723,0
neuromorpho__Zs201222-03_dorsal_20x_onlydendrites.swc,interneuron,1563,1.000000,1.000000,1.000000,,1.000000,,1,0,1562,0
neuromorpho__Zs210113-0302_ventral_onlydendrites.swc,interneuron,812,1.000000,1.000000,1.000000,,1.000000,,1,0,811,0
neuromorpho__Zs210115-05_dorsal_20x_axon_dendrites.swc,interneuron,11212,1.000000,1.000000,1.000000,1.000000,1.000000,,1,8533,2678,0
neuromorpho__a7_170215_4.swc,interneuron,12301,0.973661,0.957100,1.000000,0.983800,0.930500,,1,10132,2168,0
neuromorpho__aIN-000307-1-1-nrn-ns-120504-transl-invX-scaled-straightened.swc,interneuron,63,1.000000,1.000000,1.000000,1.000000,,,1,62,0,0
neuromorpho__aIN-441-nrn-ns-120509-transl-invX-scaled-straightened.swc,interneuron,95,1.000000,1.000000,1.000000,1.000000,,,1,94,0,0
neuromorpho__aIN-471-nrn-ns-100325-transl-invX-scaled-straightened.swc,interneuron,76,0.947368,0.972600,1.000000,0.972600,,,1,71,4,0
neuromorpho__c4118.swc,interneuron,1406,0.992176,0.996100,1.000000,,0.996100,,1,11,1394,0
neuromorpho__cIN-1360-nrn-ns-111206-transl-invX-scaled-straightened.swc,interneuron,78,1.000000,1.000000,1.000000,1.000000,,,1,77,0,0
neuromorpho__cell-12_9.swc,interneuron,1631,1.000000,1.000000,1.000000,,1.000000,,1,0,1630,0
neuromorpho__cell-3_15.swc,interneuron,1860,0.955914,0.977400,1.000000,,0.977400,,1,82,1777,0
neuromorpho__cell-pair-22-09-11-D1.swc,interneuron,5120,0.995703,0.981900,1.000000,0.997700,0.966200,,1,4805,314,0
neuromorpho__cell-pair-22-09-11-D2.swc,interneuron,3512,0.936503,0.752100,1.000000,0.965900,0.538300,,1,3381,130,0
neuromorpho__cell1_wt_traces.swc,interneuron,10360,1.000000,1.000000,1.000000,,1.000000,,1,0,10359,0
neuromorpho__cell2_wt_traces.swc,interneuron,7447,1.000000,1.000000,1.000000,,1.000000,,1,0,7446,0
neuromorpho__cell4_b2ko_traces.swc,interneuron,7710,1.000000,1.000000,1.000000,,1.000000,,1,0,7709,0
neuromorpho__cell5_wt_traces.swc,interneuron,6212,1.000000,1.000000,1.000000,,1.000000,,1,0,6211,0
neuromorpho__cell6_b2ko_traces.swc,interneuron,4929,1.000000,1.000000,1.000000,,1.000000,,1,0,4928,0
neuromorpho__dCH-cobalt.swc,interneuron,6167,0.948435,0.486800,1.000000,0.000000,0.973500,,1,0,6166,0
neuromorpho__dIN-000512-nrn-ns-100412-V2-transl-invX-scaled-straightened.swc,interneuron,77,1.000000,1.000000,1.000000,1.000000,,,1,76,0,0
neuromorpho__dIN-000516-nrn-ns-100624-transl-invX-scaled-straightened.swc,interneuron,80,0.875000,0.868700,1.000000,0.893600,0.843700,,1,42,37,0
neuromorpho__dIN-1301-nrn-ns-100930-transl-invX-scaled-straightened.swc,interneuron,58,0.637931,1.000000,1.000000,1.000000,,,1,36,21,0
neuromorpho__dIN-1354-nrn-ns-100902-transl-invX-scaled-straightened.swc,interneuron,122,0.631148,0.678300,1.000000,0.548400,0.808200,,1,17,104,0
neuromorpho__dIN-1436-nrn-ns-100901-transl-invX-scaled-straightened.swc,interneuron,98,0.326531,1.000000,1.000000,1.000000,,,1,31,66,0
neuromorpho__dla-358-nrn-ns-120711-transl-invX-scaled-straightened.swc,interneuron,129,0.961240,0.948400,1.000000,0.973800,0.923100,,1,93,35,0
neuromorpho__dysk-11.swc,interneuron,1811,1.000000,1.000000,1.000000,,1.000000,,1,0,1810,0
neuromorpho__dysk-12.swc,interneuron,4671,1.000000,1.000000,1.000000,,1.000000,,1,0,4670,0
neuromorpho__dysk-13.swc,interneuron,2937,1.000000,1.000000,1.000000,,1.000000,,1,0,2936,0
neuromorpho__dysk-17.swc,interneuron,518,1.000000,1.000000,1.000000,,1.000000,,1,0,517,0
neuromorpho__dysk-18.swc,interneuron,674,1.000000,1.000000,1.000000,,1.000000,,1,0,673,0
neuromorpho__dysk-3.swc,interneuron,1356,1.000000,1.000000,1.000000,,1.000000,,1,0,1355,0
neuromorpho__dysk-5.swc,interneuron,2337,1.000000,1.000000,1.000000,,1.000000,,1,0,2336,0
neuromorpho__dysk-8.swc,interneuron,2724,1.000000,1.000000,1.000000,,1.000000,,1,0,2723,0
neuromorpho__exp-5-59-Scr-1002.swc,interneuron,5791,1.000000,1.000000,1.000000,,1.000000,,1,0,5790,0
neuromorpho__exp-5-59-Scr-1008.swc,interneuron,2747,0.762650,0.865300,1.000000,,0.865300,,1,652,2094,0
neuromorpho__fig2b_1.swc,interneuron,317,1.000000,1.000000,1.000000,1.000000,1.000000,,1,44,272,0
neuromorpho__hdINE-107-2-1-nrn-ns-120110-transl-invX-scaled-straightened.swc,interneuron,39,0.307692,1.000000,1.000000,1.000000,,,1,11,27,0
neuromorpho__hdINE-208-1-2-nrn-ns-120110-transl-invX-scaled-straightened.swc,interneuron,53,0.547170,1.000000,1.000000,1.000000,,,1,28,24,0
neuromorpho__het-2.swc,interneuron,684,1.000000,1.000000,1.000000,1.000000,1.000000,,1,230,453,0
neuromorpho__het-3.swc,interneuron,1283,1.000000,1.000000,1.000000,1.000000,1.000000,,1,310,972,0
neuromorpho__het-6.swc,interneuron,763,1.000000,1.000000,1.000000,1.000000,1.000000,,1,244,518,0
neuromorpho__homo-5.swc,interneuron,2245,1.000000,1.000000,1.000000,1.000000,1.000000,,1,1224,1020,0
neuromorpho__jy180109_A_idB.swc,interneuron,6147,1.000000,1.000000,1.000000,1.000000,1.000000,,1,1910,4236,0
neuromorpho__jy180905_B_idA.swc,interneuron,2701,0.962977,0.490600,1.000000,0.000000,0.981100,,1,0,2700,0
neuromorpho__jy181129_A_idB.swc,interneuron,1582,1.000000,1.000000,1.000000,1.000000,1.000000,,1,26,1555,0
neuromorpho__jy190510_B_idA.swc,interneuron,9948,0.332127,0.249300,1.000000,0.000000,0.498600,,1,5801,4146,0
neuromorpho__n261.swc,interneuron,451,1.000000,1.000000,1.000000,1.000000,1.000000,,1,292,158,0
neuromorpho__p120105-01-AAC.swc,interneuron,486,0.903292,0.949100,1.000000,,0.949100,,1,47,438,0
neuromorpho__p73_vGluT2-KO_IN05.swc,interneuron,520,1.000000,1.000000,1.000000,,1.000000,,1,0,519,0
neuromorpho__p73_vGluT2-ctrl_IN01.swc,interneuron,728,1.000000,1.000000,1.000000,,1.000000,,1,0,727,0
neuromorpho__p73_vGluT2-ctrl_IN17.swc,interneuron,511,0.814090,0.897300,1.000000,,0.897300,,1,95,415,0
neuromorpho__p73_vGluT2-ctrl_IN19.swc,interneuron,1147,1.000000,1.000000,1.000000,,1.000000,,1,0,1146,0
neuromorpho__pair01-09-11-C-final1.swc,interneuron,2330,1.000000,1.000000,1.000000,1.000000,1.000000,,1,2004,325,0
neuromorpho__park-6.swc,interneuron,1780,1.000000,1.000000,1.000000,,1.000000,,1,0,1779,0
neuromorpho__park-7.swc,interneuron,1548,1.000000,1.000000,1.000000,,1.000000,,1,0,1547,0
neuromorpho__retina1_petal2_n2.swc,interneuron,9553,1.000000,1.000000,1.000000,1.000000,1.000000,,1,6108,3444,0
neuromorpho__retina1_petal3_n2.swc,interneuron,8856,1.000000,1.000000,1.000000,1.000000,1.000000,,1,6547,2308,0
neuromorpho__retina1_petal3_n6.swc,interneuron,9363,1.000000,1.000000,1.000000,1.000000,1.000000,,1,6256,3106,0
neuromorpho__retina1_petal3_n7.swc,interneuron,7111,1.000000,1.000000,1.000000,1.000000,1.000000,,1,5284,1826,0
neuromorpho__retina3_n1.swc,interneuron,7499,1.000000,1.000000,1.000000,1.000000,1.000000,,1,5662,1836,0
neuromorpho__retina3_n4.swc,interneuron,5109,1.000000,1.000000,1.000000,1.000000,1.000000,,1,3634,1474,0
neuromorpho__retina3_n6.swc,interneuron,7764,1.000000,1.000000,1.000000,1.000000,1.000000,,1,6276,1487,0
neuromorpho__retina4_petal1_n2.swc,interneuron,6263,1.000000,1.000000,1.000000,1.000000,1.000000,,1,3336,2926,0
neuromorpho__retina4_petal2_n2.swc,interneuron,9905,1.000000,1.000000,1.000000,1.000000,1.000000,,1,7134,2770,0
neuromorpho__retina4_petal3_n13.swc,interneuron,7221,1.000000,1.000000,1.000000,1.000000,1.000000,,1,4972,2248,0
neuromorpho__retina4_petal4_n1.swc,interneuron,9895,1.000000,1.000000,1.000000,1.000000,1.000000,,1,6518,3376,0
neuromorpho__retina4_petal4_n13.swc,interneuron,6126,1.000000,1.000000,1.000000,1.000000,1.000000,,1,1959,4166,0
neuromorpho__retina4_petal4_n15.swc,interneuron,5296,1.000000,1.000000,1.000000,1.000000,1.000000,,1,1777,3518,0
neuromorpho__retina4_petal4_n16.swc,interneuron,7027,1.000000,1.000000,1.000000,1.000000,1.000000,,1,2401,4625,0
neuromorpho__retina4_petal4_n6.swc,interneuron,8642,1.000000,1.000000,1.000000,1.000000,1.000000,,1,6438,2203,0
neuromorpho__retina5_petal1_n2.swc,interneuron,3987,1.000000,1.000000,1.000000,1.000000,1.000000,,1,1690,2296,0
neuromorpho__retina5_petal1_n8.swc,interneuron,9389,1.000000,1.000000,1.000000,1.000000,1.000000,,1,6057,3331,0
neuromorpho__retina5_petal4_n9.swc,interneuron,8524,1.000000,1.000000,1.000000,1.000000,1.000000,,1,6626,1897,0
neuromorpho__retina6_petal1_n5.swc,interneuron,5503,1.000000,1.000000,1.000000,1.000000,1.000000,,1,4130,1372,0
neuromorpho__retina6_petal2_n3.swc,interneuron,4669,1.000000,1.000000,1.000000,1.000000,1.000000,,1,3195,1473,0
neuromorpho__retina6_petal2_n5.swc,interneuron,6500,1.000000,1.000000,1.000000,1.000000,1.000000,,1,3544,2955,0
neuromorpho__retina7_petal1_n1.swc,interneuron,4787,1.000000,1.000000,1.000000,1.000000,1.000000,,1,2065,2721,0
neuromorpho__retina7_petal1_n3.swc,interneuron,4264,1.000000,1.000000,1.000000,1.000000,1.000000,,1,2114,2149,0
neuromorpho__retina7_petal2_n1.swc,interneuron,6591,1.000000,1.000000,1.000000,1.000000,1.000000,,1,4570,2020,0
neuromorpho__retina7_petal3_n1.swc,interneuron,6793,1.000000,1.000000,1.000000,1.000000,1.000000,,1,4432,2360,0
neuromorpho__retina7_petal3_n11.swc,interneuron,2707,1.000000,1.000000,1.000000,1.000000,1.000000,,1,1478,1228,0
neuromorpho__retina7_petal3_n12.swc,interneuron,4017,1.000000,1.000000,1.000000,1.000000,1.000000,,1,2360,1656,0
neuromorpho__retina7_petal3_n8.swc,interneuron,5674,1.000000,1.000000,1.000000,1.000000,1.000000,,1,4344,1329,0
neuromorpho__retina7_petal4_n1.swc,interneuron,4173,1.000000,1.000000,1.000000,1.000000,1.000000,,1,1864,2308,0
neuromorpho__sc17.swc,interneuron,166,0.006024,0.000000,1.000000,,,,1,0,165,0
neuromorpho__sec-14.swc,interneuron,346,1.000000,1.000000,1.000000,1.000000,1.000000,,1,106,239,0
neuromorpho__sec-6.swc,interneuron,387,1.000000,1.000000,1.000000,1.000000,1.000000,,1,149,237,0
neuromorpho__sham-6.swc,interneuron,2962,1.000000,1.000000,1.000000,,1.000000,,1,0,2961,0
